3.15669
3.85201
1.52097
0.358125
3.81047
0.0140228
6.26389
2.7943
5.64977
1.58315
4.82143
6.07068
6.23985
2.30908
1.26179
0.730595
1.9314
4.03504
0.42993
5.36216
4.91745
2.50427
0.0917268
2.55238
1.15282
0.730479
0.884845
5.56311
0.105064
5.79009
5.0041
2.4879
3.02439
0.987912
4.90121
1.91314
4.65654
3.69913
1.32861
4.52549
5.40635
1.74343
4.10908
4.34993
0.70101
2.22325
4.85386
5.98645
5.19486
0.504655
0.910485
5.80326
0.966009
1.56673
2.00703
2.00959
1.41877
1.43079
4.5581
1.37606
1.87009
4.75346
1.06755
4.7905
1.11631
2.26381
1.12562
1.56798
4.54477
1.24587
2.32291
5.09667
3.5416
5.88846
2.8337
1.33987
4.01536
4.0834
5.03278
4.89718
0.43638
4.56989
5.72496
1.24954
1.47737
3.88083
1.64401
0.248329
0.911483
0.804226
5.26239
5.90368
1.56122
3.44906
5.85295
0.898167
0.00756901
5.01384
1.40908
4.71709
3.00836
1.31233
1.06031
0.940597
5.50732
4.96786
3.28644
4.73741
1.51661
0.891387
4.29683
0.71791
1.5182
4.50767
1.67614
1.89498
1.1672
1.12425
5.62684
0.94046
4.97985
5.2252
4.77588
5.04249
2.54583
4.49987
3.78188
1.79964
4.21493
2.05793
2.8484
1.46192
2.5613
2.02914
6.15841
0.0712489
2.71242
0.857451
1.59533
4.6351
4.55719
3.13258
1.42748
3.62431
5.02568
0.860036
5.18786
0.835057
5.09142
1.8874
6.23895
0.630074
0.389343
3.44745
1.37106
1.79158
1.64345
0.359672
4.89293
4.56742
5.90959
5.64537
0.390093
4.74216
3.45486
0.134584
4.80123
3.95077
0.491518
3.76175
4.20031
2.24644
0.180283
0.024843
5.14894
2.6702
4.08634
0.208843
5.26535
2.42703
5.49588
1.94886
5.1629
4.77023
3.05701
3.79553
1.60639
2.37932
1.3634
3.1678
1.0423
1.42965
1.91282
6.22991
1.49757
5.98243
1.23501
0.854294
5.92177
4.58195
1.49322
2.24974
5.22263
3.53173
4.24396
3.11032
5.26283
4.22745
1.78659
5.176
2.71498
0.790137
0.0109164
4.63498
1.90226
4.61309
1.17992
5.01726
1.20432
4.72866
1.75861
0.233777
4.71788
1.2321
0.814773
4.71745
1.5219
6.11221
1.60129
3.43017
3.78157
2.9358
4.42332
5.22528
4.41441
0.189038
4.33584
3.8696
4.01675
0.995461
1.63107
2.40584
5.81955
3.99254
6.26769
5.77009
0.897743
1.7414
0.700249
4.38055
0.25202
6.16118
2.02041
5.65567
3.55902
4.83444
1.48411
2.00207
2.43074
4.57935
1.31366
3.7977
1.73646
1.20914
0.078314
4.81193
5.56115
2.92673
0.714271
0.527651
5.80162
6.15665
6.12342
1.02033
3.9714
0.252537
5.18928
4.7928
1.267
0.616175
0.941701
1.65918
5.18533
4.96273
2.04092
2.21589
4.793
2.69202
4.63361
5.253
5.06069
1.87202
5.05481
0.0573731
5.83357
2.57365
0.9856
3.43246
6.16665
1.86737
0.983376
1.9905
5.10764
4.79315
1.25618
1.37539
0.946352
0.258446
6.14623
0.811965
3.69613
4.48324
5.27996
2.33139
3.06356
4.10326
5.78223
4.09865
4.21283
4.72538
0.574056
1.78622
5.3936
3.82856
2.02299
4.12424
1.32201
1.03066
2.07604
2.66386
3.54763
1.09646
1.49888
5.6857
6.18776
3.93524
1.6432
5.17553
1.63313
4.22636
4.97325
4.10812
0.165326
2.4383
5.5261
5.26735
0.442037
3.65385
2.50579
0.875252
1.06644
4.40379
4.80757
5.35842
4.42899
3.16188
5.24726
1.70145
4.22556
4.03381
4.06348
3.25225
5.43758
3.65135
4.19989
3.86372
4.12923
5.42314
1.08105
0.89553
1.52199
3.09467
0.809566
2.44418
4.77377
3.50166
4.45784
4.39331
3.45406
1.89638
5.16499
6.04033
2.4401
2.10193
5.47801
3.00272
3.21145
1.05071
1.7218
3.34536
0.0975995
1.07327
3.14175
3.69004
3.07773
0.580535
4.70698
1.84066
4.87044
5.25876
2.37026
1.57853
1.64417
1.63986
5.25511
3.38294
5.59215
0.644132
4.38207
1.70165
1.04335
6.07615
4.09801
0.358395
4.79965
0.96686
3.47523
4.25278
3.37806
5.65404
5.86903
1.60008
4.14339
1.59938
1.8542
1.65215
2.84594
0.648429
5.55298
5.21603
0.246573
4.0982
5.0031
0.856344
2.33719
3.98176
5.06087
2.4707
2.80493
6.18854
1.08567
2.25978
1.20054
1.04053
4.7859
4.09888
1.92838
5.79882
5.12943
4.44575
4.97241
3.02115
3.70391
4.11955
6.17626
3.46036
5.89818
3.87511
5.59528
1.94176
0.976817
1.73996
0.749288
2.14007
2.66643
2.04011
1.71467
2.07777
5.88051
3.97829
1.40571
5.32748
4.87646
4.20364
5.31178
5.46358
1.13568
0.661916
0.0419183
4.64954
5.92694
3.39281
3.56168
4.55152
1.70192
3.76314
4.27722
1.30642
5.30133
4.65722
0.392794
3.20472
5.06538
0.268941
5.29715
3.78623
0.171904
1.74336
5.91691
0.535401
6.03559
1.88021
4.46166
5.7222
6.26574
1.44066
2.45729
0.605662
4.41454
3.91943
4.86204
1.66755
1.12421
4.57327
4.23407
2.64498
1.34706
2.22024
0.678261
1.72926
5.27518
4.49927
3.28249
4.53833
3.82701
2.11348
1.80291
1.08011
4.36563
2.98868
0.571938
5.38159
2.42102
5.58347
1.81973
3.07531
3.8955
3.1461
2.03556
0.542624
1.39508
2.05831
4.42998
1.61794
5.64743
2.20026
4.73499
0.983014
1.69568
1.69618
5.34477
4.8314
4.89359
3.78732
5.72999
5.05895
0.405204
3.37909
3.8671
0.234848
4.75178
5.46637
2.36874
4.45581
3.1633
6.22662
3.28005
5.05946
4.00903
4.38057
5.18763
5.29328
0.107147
5.33259
0.449211
5.17975
4.02286
0.419071
0.530597
4.75679
5.94094
0.951928
4.58606
5.33285
2.24721
0.838019
3.44484
5.21363
3.37829
1.80494
4.49378
3.94962
1.32098
1.89382
0.32216
5.11743
3.52131
1.79304
0.732299
5.19212
2.20045
0.0851628
0.00698044
3.03717
3.05711
3.76624
3.2037
0.753766
0.336718
2.61441
4.95374
1.00778
1.59013
2.94453
1.67861
3.61522
1.176
4.96017
6.19816
4.14749
0.0782347
3.4011
1.04956
4.19789
2.51358
2.11237
2.63933
5.65178
2.41957
2.9675
4.98737
2.04676
0.183403
1.75773
5.80513
1.55553
4.7841
5.78028
1.39278
1.72633
1.41648
4.77694
5.35653
2.34548
5.52194
2.52304
0.85189
1.27824
1.15693
5.11419
2.91752
0.759884
0.070125
6.1363
1.90591
0.931879
5.55766
3.7167
0.159989
3.61682
2.23166
4.39009
3.70796
1.41475
0.549755
0.48397
5.92078
4.40398
1.5149
5.08515
3.38209
4.18145
4.31933
1.052
5.15332
1.54641
5.44588
5.29532
1.46425
3.83241
5.86558
2.62061
2.30417
1.28279
0.373911
0.364428
1.70987
0.664713
4.02747
1.82677
4.33011
0.388521
2.32045
2.50851
0.950878
4.95697
1.9324
3.3167
5.16714
1.68454
2.40308
2.94113
1.96877
5.97749
0.36677
0.601638
2.1707
1.52331
1.6121
2.03925
1.63202
0.203255
4.47652
6.21388
4.46472
2.72831
1.84522
0.0737882
4.05757
4.05259
4.5274
2.12673
4.4967
4.19197
2.01079
6.16336
5.47851
4.32428
4.18354
4.69069
0.731293
3.67264
4.65982
5.67403
2.43047
4.28857
5.2019
5.22597
4.40685
3.21808
0.862851
0.236418
1.96256
1.40673
1.81214
5.06859
2.83432
1.75393
3.87985
5.12809
2.17973
0.208937
4.0257
5.63048
4.87111
1.46671
2.28841
4.39619
6.18521
4.26598
5.70307
3.93694
6.06895
5.48872
6.03797
4.03358
0.647268
1.79167
4.55476
3.32074
4.88227
5.65007
1.40112
3.613
5.32109
1.31248
5.67314
4.63171
6.26858
5.78229
4.78161
5.01688
4.91051
6.2124
4.65219
5.17706
5.36563
5.66571
1.49095
2.17972
1.87736
3.94049
1.69309
4.56862
1.97452
3.24721
5.84364
1.5627
5.10532
1.82096
5.13775
5.17942
3.13044
4.75217
1.48218
5.72027
5.60647
4.17057
2.21915
3.69289
1.89386
5.0965
0.104698
2.68385
1.68156
1.68294
4.54352
2.80958
1.86756
1.67628
2.19155
3.58973
0.591065
2.74055
4.25555
0.756305
4.50296
1.26014
2.01799
0.394064
3.22789
3.62429
4.61932
5.02584
2.70111
3.49353
3.48762
3.8596
0.54651
5.16387
4.85272
2.76841
3.6282
2.92761
1.6587
3.43935
3.75531
6.02614
6.12804
3.95131
5.40994
5.0534
1.89534
5.09108
4.43882
4.02046
3.72783
5.3231
3.72605
1.38595
1.67381
4.91223
5.60788
5.96623
3.27447
2.22985
4.5575
5.44931
4.48515
4.82979
2.95087
3.88694
0.053746
4.71801
1.34638
2.59248
2.86324
5.11834
1.52149
1.54867
4.45827
1.67985
5.14545
3.53628
5.89581
0.807291
3.0405
4.34474
2.93383
5.1588
6.10937
5.30056
3.5439
0.624331
5.09269
1.99159
2.41916
4.46991
5.30675
0.809234
2.1796
0.0311125
4.92119
2.40985
2.44082
4.59097
1.34056
0.224859
2.38026
3.46446
1.31556
0.175095
5.1795
3.75761
1.14892
1.34684
2.26446
0.977732
4.37047
4.87876
5.83211
5.97612
4.72718
1.94181
4.25322
0.0884748
1.64465
3.67757
0.127427
5.4411
5.58949
0.2097
3.82872
5.39058
3.43977
6.14312
4.25642
5.04535
5.05575
5.6451
1.36906
4.6168
4.15975
5.46297
2.30687
2.8847
1.94164
4.88771
2.3234
1.88591
3.33977
1.12609
1.25249
3.06124
5.5829
2.51035
3.66745
4.9851
0.504374
2.36215
6.27014
0.277223
3.50352
3.11413
3.44363
4.65887
5.31681
1.70476
6.10184
0.954647
3.94261
6.25201
5.80336
4.05892
5.12756
4.20269
1.29491
4.19712
1.43398
0.767498
4.63158
1.2554
2.07073
1.80121
1.70808
3.64773
5.86136
0.910227
3.27137
1.65145
5.79598
1.31382
4.31237
1.32485
4.39056
5.41006
5.99251
1.74641
6.25279
5.37731
4.02751
3.01143
5.85746
5.27837
2.47089
2.07388
1.49851
1.38411
2.09046
2.80243
3.4883
2.27793
4.96463
1.52619
3.46022
1.13591
0.0654372
5.42367
1.24721
3.52998
5.09858
4.65823
3.85876
0.998963
4.80623
5.92959
5.06772
0.883702
1.31015
0.0603451
4.60275
4.93611
6.18605
0.799241
4.686
0.751032
4.0141
5.65584
5.2948
1.8205
0.205564
0.314018
1.85697
5.22697
3.29159
1.65996
4.54374
1.87613
1.73381
1.70914
5.67659
5.30779
0.127823
4.69247
5.52524
4.97755
2.01161
3.98561
0.913532
2.57761
1.68599
5.15817
3.16239
4.4973
4.52463
5.84583
3.71499
6.20435
6.15387
5.82075
0.29477
1.24278
1.61919
4.20387
5.55918
3.51821
4.35513
2.01973
5.09423
5.11146
2.09832
1.06996
5.02205
5.6376
1.60606
1.80992
3.81799
5.46294
5.98043
4.60717
4.25695
3.30731
1.38033
5.10962
4.61022
1.96945
1.50089
6.21361
0.832402
5.02854
0.0664037
1.65448
0.962057
5.07912
3.67046
5.75616
3.80265
3.80797
4.07558
2.25877
3.92411
4.39509
5.35683
4.12998
0.878424
0.972668
0.554079
2.10743
5.16683
1.40962
4.38026
2.64702
5.88357
3.47974
2.96905
3.90172
0.428295
0.876125
6.10579
1.12528
6.16622
3.27886
5.82117
4.56867
4.50784
1.36715
2.03134
5.35554
0.731718
2.00129
0.829119
1.25064
4.72943
5.021
5.00516
3.81146
6.27102
0.958074
5.73673
4.75547
2.93071
4.56383
1.64046
2.32638
2.11082
2.19372
4.48106
5.77987
4.83715
1.93675
2.69655
4.86158
4.92235
0.349137
1.21423
2.93058
1.28139
2.2006
4.32612
3.53248
3.26495
4.424
3.70941
2.97842
5.506
2.25918
0.151334
2.77082
2.05814
3.24248
0.165024
1.34517
4.50408
4.13931
5.92576
2.05871
5.18851
3.59707
2.19767
0.589416
5.71933
2.00921
1.48952
1.8107
2.61032
4.93735
1.47076
1.85635
3.35595
1.30891
4.57449
0.682258
1.8963
5.69322
0.801619
1.26497
3.0971
5.12622
0.450691
4.66872
4.65478
0.041335
4.20869
0.46318
1.96806
1.84585
5.27812
5.35949
1.37005
2.22563
1.6883
0.91878
3.84525
1.90608
0.594849
2.64001
4.62954
3.39919
2.56047
0.849033
1.53032
2.00264
5.16302
1.19706
1.05491
3.81135
3.27862
5.88099
0.321313
4.46294
5.03812
1.4695
1.58207
0.524393
3.69581
5.58749
4.57759
6.17721
4.48417
2.87852
2.65944
4.31276
1.74594
2.35403
5.53474
5.52599
5.24351
0.0430744
2.34103
0.104273
1.77359
0.661274
4.69365
2.15766
6.27233
5.96482
5.30878
5.845
5.03606
4.06295
1.77168
3.53532
1.2104
6.18169
1.65602
4.50705
3.56782
5.79101
1.91418
5.88137
3.15347
3.09077
5.77666
3.66295
4.09112
4.51838
2.35985
4.00965
5.61167
3.01514
3.11024
4.42238
4.33332
4.89465
4.72297
4.62446
3.80212
2.15971
4.65017
1.79478
3.33235
1.7654
4.60017
1.47379
5.28977
0.541799
4.73452
0.646657
1.41355
2.24494
3.54947
4.0002
0.16886
2.19992
1.20598
4.75524
4.99733
0.563426
1.65722
0.211642
4.35808
2.22452
1.60869
4.57773
4.11708
5.2914
5.40807
4.89817
1.79896
1.57169
5.28201
4.40548
5.8794
2.92099
1.42393
0.0439472
1.24073
5.00349
1.45688
3.31739
4.51011
5.58136
3.85113
5.14072
5.41861
0.132201
4.96224
6.24722
0.804619
0.438428
1.07298
3.11065
4.50835
1.52857
1.91839
4.61028
5.00862
3.53825
0.83127
3.90155
4.7443
4.26474
1.9232
1.37596
5.61104
6.04986
3.31225
5.21919
0.29701
1.77504
3.81637
2.35988
4.78828
1.88864
4.54303
0.884655
5.44857
0.670225
5.7183
3.88109
0.837718
4.90795
0.868417
5.77465
1.78785
6.02292
3.90029
1.27335
2.29796
0.741033
4.8984
1.44145
1.79327
2.97402
5.33074
3.27484
3.09316
4.73828
5.95797
0.0868867
6.25435
6.11056
1.60092
1.91659
4.93064
5.09844
5.71029
0.828038
4.76537
1.32243
3.33745
3.54718
1.68892
0.749621
2.08807
3.79499
1.57678
0.572254
1.69883
1.05416
1.50155
6.21197
3.42366
3.69001
2.59056
0.688375
0.703021
3.55926
1.26221
2.77936
0.739739
1.94427
4.36154
1.69098
0.221571
0.749644
0.480301
5.05037
4.6028
3.35208
1.31192
5.50741
5.71503
0.97349
5.02062
1.83814
5.9419
0.619049
2.10556
2.0188
3.95782
3.17851
3.32343
1.55528
2.72712
1.65049
4.77284
1.47639
0.68802
2.64487
3.75149
0.854893
5.42983
2.06722
4.08207
3.25523
1.88571
0.523622
5.47059
0.19508
0.103213
1.87518
5.81386
4.85144
6.1126
2.6488
1.76354
1.42389
5.00397
4.3953
3.72897
4.46494
5.55182
3.48443
0.630239
3.2358
2.54006
4.87151
4.63184
2.22762
0.647813
3.33633
2.02324
1.69246
4.20317
4.63417
3.4875
4.16048
4.98147
5.17965
2.05018
3.60941
1.04102
2.02298
5.23885
6.06165
1.63292
2.9015
5.30433
4.8056
4.67838
4.03981
1.10774
3.31364
5.09998
0.351958
0.00866962
4.77042
4.83814
5.64107
2.95578
0.947497
1.90596
1.27043
4.52695
0.518994
2.32216
3.17806
5.09679
1.10663
3.70337
5.1616
1.68292
0.761975
1.97904
1.36981
2.58028
5.54198
3.68815
0.954867
3.15818
0.128614
4.28228
3.3789
0.0128473
6.14621
2.44903
0.135432
5.65133
3.19668
3.76167
1.13412
1.89886
1.08305
1.1023
3.6871
2.10142
2.05963
1.06583
4.00363
1.19944
6.11923
4.45832
1.56573
1.66063
1.60381
3.24367
0.934347
2.76481
5.01782
4.75451
4.68161
4.54597
4.74583
5.23086
4.62392
4.39817
5.12267
3.03753
6.12385
5.95387
0.548187
2.21723
4.57933
2.32946
4.06501
4.78136
0.0202382
5.76448
6.0908
1.17032
2.21175
2.70219
0.47321
1.94238
5.67426
2.12542
1.66332
1.11936
4.09413
0.0055561
2.42555
2.31701
2.20641
3.36942
2.16967
3.76136
3.49015
1.35147
2.87356
4.86161
4.29923
4.00914
1.21383
5.98975
2.34637
2.30632
2.68181
5.88368
0.512932
1.66611
0.680455
4.98656
1.15631
4.32568
4.16302
1.38677
1.63082
4.22355
3.14784
0.80425
4.89149
2.39223
5.95744
1.04043
3.33746
0.311701
3.92382
2.47292
5.77511
1.53279
3.93679
6.09599
4.63127
1.96926
6.01411
0.593091
5.15278
1.98634
4.50942
4.53991
2.25692
1.61751
4.93822
3.17635
0.882191
2.02481
2.986
1.37436
2.53904
1.31128
1.37362
1.94601
2.42562
0.97266
2.62631
1.9425
0.0579786
3.37921
4.88016
5.34694
6.07598
4.22233
6.28273
4.06523
2.29473
2.60864
3.79827
0.820823
4.46788
2.41634
3.68972
5.36958
1.07622
2.00026
5.52658
1.87727
2.5558
6.24572
3.66277
5.69932
4.40851
2.03886
5.82389
3.18059
3.34338
4.51778
4.13934
1.6541
4.71164
0.971511
3.56729
4.30093
4.31094
5.05821
2.90584
5.33464
1.92181
2.01829
5.5249
3.69468
4.7279
5.30638
4.79232
2.17203
2.35793
2.29005
1.71844
5.42914
5.7371
0.657971
1.44186
3.65298
5.22706
5.30824
2.48955
0.183817
4.43412
1.42827
3.9515
1.5965
1.17288
2.91313
2.44312
0.457507
0.485389
0.998105
4.70752
4.20277
1.73933
0.734519
4.73149
1.00934
2.31533
4.73087
4.5809
3.00647
6.22781
0.694277
2.51345
1.30782
5.46177
0.64219
0.7807
1.8744
1.05512
0.676841
1.67085
3.24187
3.48089
5.19291
5.63194
4.62408
0.314233
4.1497
4.9576
1.54589
1.62902
2.37456
1.86049
4.5967
6.10445
2.30198
2.10321
5.24531
1.59064
4.5304
1.1966
1.96472
2.77607
1.62809
0.917652
1.81321
4.48134
2.68891
0.188344
2.81534
4.13008
4.68513
1.40586
4.96986
4.12798
3.72471
1.06107
2.64384
5.34914
4.83118
5.12206
4.04612
0.228387
5.07163
5.20432
1.50957
0.414395
0.829636
4.52206
1.94706
1.74847
4.43808
0.305964
1.62599
1.7776
2.42471
4.24185
5.22968
4.45082
5.3378
3.86549
1.08489
6.12287
6.01227
4.19293
3.12155
0.0547737
2.04877
2.7059
2.83952
3.29828
1.37731
1.58202
5.8962
3.73831
3.06943
0.211893
2.97517
1.90379
3.34405
2.86773
5.2367
1.31862
4.17648
5.31004
4.85661
1.43267
0.812495
0.724132
3.75557
2.70905
4.40066
0.820084
1.44671
1.78274
5.50665
6.05375
0.382967
4.73213
1.3662
1.62173
3.06174
5.59667
1.96561
5.62767
0.395499
0.754787
1.43624
6.27214
5.06614
5.50598
3.16604
2.29259
0.950226
4.69159
1.006
0.70871
4.96384
3.79436
4.4139
4.5827
1.95781
5.8598
3.78136
1.49814
4.09558
5.06663
1.21088
1.93678
0.45003
1.78001
6.23131
0.927177
1.73308
0.711568
2.98093
0.450522
4.48852
1.32626
4.53075
3.8202
5.37872
1.91319
1.70888
5.12539
0.481753
5.14144
1.26067
2.30928
3.33388
5.23455
4.31109
2.30842
0.360188
0.795643
1.34691
1.10033
4.84682
1.37268
1.57039
2.06221
1.83831
1.50917
4.57115
4.25525
0.525323
3.97912
4.25516
0.978159
5.79697
5.61766
4.71285
5.18282
3.64087
1.34575
5.85633
4.66665
3.55306
5.14465
4.70264
2.10691
0.950958
3.21018
2.87725
4.5541
4.68839
4.53728
1.92465
1.91864
2.72884
1.36304
3.35955
2.27959
1.31998
3.90611
5.16062
1.04466
1.15883
1.90002
1.66622
0.698706
6.01437
0.932895
1.94375
2.82048
1.47452
5.39695
4.69239
4.21978
1.12497
5.85587
3.57154
0.554337
1.97248
5.97221
0.257634
0.264765
3.86089
4.69468
1.87886
5.11659
0.98406
0.45428
1.41854
4.64762
2.7647
4.89249
4.63904
2.18891
3.93174
3.54782
1.84306
4.39045
0.314995
3.0646
3.67104
6.13626
6.05458
5.01222
2.356
2.57839
2.65126
0.893686
0.806878
4.36396
2.89428
2.33331
3.10504
0.599604
1.04919
1.78947
4.46197
0.135381
4.51731
1.99595
4.85385
5.01848
4.37085
3.54932
1.88812
1.60022
4.93692
4.44698
2.24197
2.91768
3.14167
3.87622
2.11894
1.08073
1.68452
4.65333
5.27115
2.19293
4.90665
3.82745
0.546197
2.19433
3.47735
4.23757
1.44024
1.27128
2.0877
1.57455
4.0106
3.47374
3.20365
1.87898
2.33408
6.19868
0.490609
1.65641
1.25478
1.08604
0.0792844
3.16232
0.788157
4.45738
4.56613
1.89843
2.80464
4.81875
1.32001
1.40222
1.32065
2.93406
1.80596
3.49904
6.16682
1.54309
1.2141
4.20867
2.24697
4.61243
2.14651
5.7863
3.7359
4.71761
1.68014
1.84408
0.738921
3.01926
1.94226
3.84001
1.3036
1.90566
5.10777
1.01477
4.37866
0.0454115
0.757978
2.0814
4.00173
4.26187
5.86324
3.48411
6.05265
1.25676
0.817913
4.91859
5.52643
4.82519
0.959481
2.47531
6.11157
1.22772
1.67868
5.32542
0.708838
3.98754
3.80564
4.35461
1.74171
4.49962
6.10799
3.98619
1.87427
2.09242
3.82937
5.14592
3.79261
4.64221
0.444535
3.21895
3.44843
3.06926
1.5697
1.53273
0.458115
3.1545
2.67211
0.258269
6.20967
1.44097
1.4242
3.73414
1.37053
0.547112
1.53226
4.87946
4.44464
5.59952
3.17909
3.45113
1.41413
2.5281
1.13832
3.99519
5.0535
5.73982
5.38084
5.25243
4.4045
1.84966
0.629577
1.89681
2.33713
2.44155
3.74776
4.22814
1.88286
1.2647
5.72111
3.10117
4.71413
0.0730857
0.930881
6.26552
5.7342
0.0891601
0.211723
2.54732
2.0561
5.77385
0.145821
1.96248
4.68322
1.24796
4.63912
4.4879
1.73638
2.79954
5.01736
5.53577
3.91741
1.69164
5.31428
2.45421
1.01133
1.77063
5.9132
3.66675
5.00787
0.0792549
0.694961
5.6778
0.945872
1.47172
5.10827
2.13424
3.19324
0.598812
3.51129
4.44383
1.97138
6.05573
2.77862
5.20635
0.432441
5.2198
0.120967
5.65247
1.71472
1.1376
2.84958
1.46816
4.26434
2.21556
4.88001
4.01698
1.87783
1.72364
1.50058
1.33562
4.69348
4.81741
1.74526
2.73776
1.28596
1.17418
4.86265
2.84024
1.85161
3.88712
4.75615
0.923602
1.99639
5.7005
2.76444
1.79103
1.14973
3.24811
4.52324
1.52701
1.71906
2.5065
2.41514
2.72236
5.13086
1.38276
5.3317
2.82328
1.80566
0.799052
5.73342
4.55544
2.00562
3.38681
4.63078
1.24723
0.511066
5.46268
0.0240702
4.01289
4.00972
4.37206
5.52334
4.95508
0.955522
4.42385
4.79381
5.3914
0.475218
5.13338
1.0521
2.66468
4.07019
5.59935
2.32445
4.03062
1.98829
1.64638
3.62077
1.44475
1.22883
4.52238
5.25934
1.84824
4.88307
3.90443
1.22049
0.767958
0.472484
5.62468
0.764095
3.09015
0.654157
2.71754
0.458177
4.83824
3.29315
2.3484
5.27647
1.49294
0.467042
4.95352
1.35765
1.46056
0.75085
0.408051
4.5271
1.85861
5.52667
1.22147
0.085722
3.65432
1.41502
1.99737
1.0277
1.40493
2.65981
0.839563
4.28109
3.07901
5.30713
4.10304
0.0110921
1.72179
1.47077
0.419455
5.35358
3.64517
1.77319
5.18813
5.75581
5.61089
0.301011
1.0902
5.67174
4.05727
3.7612
0.782272
1.15395
5.81658
4.83402
1.06713
6.12517
4.82533
3.20987
1.53085
0.354225
1.61228
2.68986
2.88755
1.34682
2.80017
2.54056
1.23616
0.959316
6.17121
0.0275412
5.34972
1.4559
4.36033
4.59791
3.64712
4.77283
4.69681
0.732517
1.78977
3.40085
5.11086
3.97324
4.62474
4.50508
4.63848
0.581045
1.6285
2.02494
3.30353
0.853327
4.86918
5.81697
0.263165
6.24434
4.7668
2.7806
4.1899
2.64024
4.456
3.3369
4.79288
3.90928
1.59462
2.18536
0.443484
1.1596
4.98857
5.64224
4.21636
0.660279
0.107299
2.44499
3.94639
2.40376
4.73069
2.74011
0.677264
1.73624
0.94082
4.37589
2.39337
1.83072
1.51242
2.31342
1.23843
2.95803
0.0832594
5.97254
1.14531
3.69646
4.06598
4.78832
0.523183
4.72928
0.0385131
1.6691
4.58166
1.86691
2.63914
4.46811
2.97702
2.91196
4.84914
3.22426
1.73484
5.87193
1.67991
3.91493
4.42369
3.81873
3.16179
1.50668
3.7355
0.608123
4.93995
3.91832
3.41178
3.42963
1.54136
4.42301
1.54106
4.9432
1.75608
0.160472
1.56874
2.06413
3.50605
1.93811
3.34824
1.68724
1.29391
1.74519
1.62985
2.86778
2.70192
1.90485
1.87222
4.75314
5.28797
5.20157
5.31703
5.64327
4.30722
6.15708
0.471631
2.82647
4.71382
5.71775
1.50185
2.02614
4.02423
4.68197
5.44965
0.442473
1.63564
5.35208
3.29414
1.05456
5.33149
2.47227
2.61524
5.35305
0.0834845
1.80839
2.29234
2.23501
0.102497
2.17142
4.42063
4.39084
4.88288
4.66352
0.488549
4.47901
0.431495
4.11921
4.74562
5.7072
6.21036
3.17379
4.20399
2.12386
1.79597
0.69735
2.14083
0.733058
0.152279
3.88894
2.56211
4.62791
4.89636
1.41689
1.40091
0.745675
1.54678
1.68296
0.455241
3.33555
4.97041
4.67756
4.48024
5.21702
3.24181
5.85534
0.0778287
4.96607
3.67147
4.06595
4.77623
3.46572
5.0977
4.34293
2.12012
3.83409
4.48608
3.33018
5.0463
0.993381
5.28823
4.80379
0.354392
5.56047
3.51761
5.70703
1.72938
1.21593
1.32867
4.24259
0.453521
4.48586
5.57216
4.84545
3.69894
3.59608
5.96058
0.271293
4.65033
0.802291
3.82626
4.59885
5.01912
2.84968
4.75592
5.59712
5.62838
1.96274
3.53548
4.16336
2.92704
4.36768
4.97097
0.875419
4.9174
1.94377
4.84023
3.52382
1.42754
2.71773
1.05673
0.372532
4.63762
2.68192
4.51863
2.51923
5.44245
2.91641
2.0774
5.04148
0.935416
3.44987
4.64356
0.37202
1.49637
1.90961
5.95029
3.84061
4.73435
4.29527
0.343265
0.169313
4.11008
3.01876
1.69479
4.74122
4.08917
1.82662
4.5061
2.79833
2.22789
2.17829
4.62624
5.41798
3.83083
5.00707
5.71885
1.76373
3.47108
3.74832
5.94298
2.26286
4.82304
6.08652
5.43655
6.02667
4.66938
5.70726
2.74667
5.2423
0.901639
0.583921
4.6225
4.72758
1.54007
2.24259
1.51804
6.13918
4.23786
3.93273
3.50901
5.67684
0.382734
4.91599
6.06104
0.745916
2.3201
2.37814
4.11274
5.39463
4.22836
2.62385
1.98718
5.44669
1.99211
1.7166
2.55337
0.020196
5.42188
1.64209
0.286903
4.40736
1.54665
1.01686
0.516798
4.41595
0.762206
1.3754
5.80567
5.49934
4.65996
1.09135
4.90378
4.67462
3.82343
1.60486
4.50029
3.16285
0.480098
3.88965
2.154
1.21858
5.77186
1.99577
4.10149
4.66434
2.07464
3.03403
4.21951
0.0935926
1.31967
4.91763
5.79348
4.74586
1.66947
2.04751
1.97587
4.67071
4.14742
1.84271
2.50878
5.80947
2.535
3.43263
2.07327
1.5562
5.31106
4.21858
1.19152
2.23
2.79956
2.05613
1.07033
5.35237
2.81605
4.13383
3.19803
3.87944
2.01019
2.33464
4.8161
3.32881
3.36688
3.45522
4.88203
5.39929
1.84829
3.82288
4.69582
2.10664
3.66209
4.76535
1.16823
5.17182
2.27976
3.51711
5.54941
1.05358
4.56881
5.63962
0.0875547
1.41155
4.53808
1.72039
0.686035
4.67529
2.30001
0.319318
2.41512
0.708667
2.30443
0.752468
2.68971
4.28011
4.31882
4.31495
1.68274
5.23066
5.22804
5.66343
4.96713
6.18714
1.50101
0.650035
0.524315
5.21166
0.870661
5.65368
3.80104
2.50139
0.554577
0.114804
2.58435
2.54183
5.5503
5.58437
1.36115
2.52882
3.04456
4.4001
1.21122
4.13206
5.69155
1.65846
2.62411
3.96156
0.847017
3.70515
1.64343
4.51279
1.98153
0.822592
1.3473
3.63856
3.38378
5.38685
5.26352
5.22227
1.9265
0.867093
4.85495
5.12247
0.0735047
5.76956
3.45102
5.93941
3.86037
1.01528
0.920588
4.77718
4.44667
1.26483
3.52435
1.31075
5.96668
0.0184912
1.4599
3.35656
0.399461
1.24826
5.76408
4.19371
0.838592
5.05605
2.74957
2.61696
6.1869
2.85467
1.66314
1.92017
2.75516
1.91725
5.51499
1.32407
5.72481
4.00285
4.76339
4.9187
3.57956
4.27753
2.59036
4.5514
6.27603
4.30625
0.979849
4.19701
3.50873
2.02617
4.78165
1.54464
6.22137
1.85356
5.27392
0.931487
0.609009
2.16872
3.29565
4.14019
0.207592
3.06891
1.51677
2.06957
0.772032
0.37566
4.94742
2.45543
5.21501
0.426599
3.9913
3.75416
3.77436
1.34802
0.738897
3.88187
2.81357
0.0136552
5.11232
2.37507
2.76309
4.94464
1.16394
6.28008
3.38742
5.13167
1.54302
4.00567
0.998491
3.62072
4.50248
4.62232
3.55594
1.82036
4.75177
1.57331
5.0986
5.72499
1.22732
5.73786
5.8048
2.11402
5.08335
2.865
4.09498
4.93294
3.65775
4.21674
0.23156
1.50131
4.14552
5.93299
2.92982
0.969171
4.07344
5.05995
4.66835
2.92441
1.38979
3.91351
4.93455
0.647707
1.92608
1.41282
0.242538
3.1223
5.66486
2.38238
1.61264
5.18427
1.20964
3.34845
5.1851
4.76702
3.85141
2.06221
1.47009
0.236258
2.40306
4.5409
2.93095
1.32545
1.19338
1.31868
6.13134
1.53454
2.97238
5.38856
1.52525
3.56458
4.292
1.40986
3.20159
1.34136
0.894807
0.703662
3.8433
1.2263
4.53852
4.35778
4.77958
3.05715
4.95056
4.48821
5.71609
4.07491
1.31245
1.32566
4.35975
2.36309
1.44465
4.59507
1.21816
3.58504
2.41154
0.17591
4.64834
1.78727
3.68824
5.05702
1.66265
2.30949
1.94793
3.10757
6.14098
1.79988
1.67479
2.48021
0.311577
2.02273
3.83877
3.45672
1.9369
3.96074
0.368184
2.39858
5.48812
0.995965
4.77865
2.49071
4.57911
3.3873
4.93099
0.201692
5.07121
5.92127
2.17703
5.4155
6.0553
1.48733
1.10343
1.36274
5.14946
6.03501
5.18104
0.11881
0.39973
5.08416
1.34865
2.86212
1.37703
4.40982
6.03804
1.8496
3.85215
1.28056
5.5638
0.101753
2.74619
1.43966
1.88293
4.68111
3.00256
2.88837
5.26787
2.05059
0.154604
3.05034
6.18243
5.11271
1.55312
3.44845
5.03184
6.18656
3.76388
1.27974
4.31345
1.5666
1.79604
4.4779
3.86388
1.28427
4.0312
2.34523
0.673643
0.866203
5.09363
5.73843
4.94477
2.47485
1.84023
1.64408
4.54148
4.16045
1.413
1.58589
4.47137
4.82281
4.47182
4.99688
1.75818
0.887921
3.1393
0.254654
0.0435164
1.77287
4.54102
2.20564
5.36693
4.92991
4.98826
4.63613
4.05528
4.9954
6.17183
5.64894
2.48533
3.34707
1.45051
3.01728
0.071727
1.53495
2.05724
6.13319
2.91712
2.20635
5.2102
1.13383
1.60242
5.21913
0.999939
3.94834
1.78997
0.605364
4.60002
4.44144
5.71
4.83471
1.7122
4.5196
6.19856
4.1068
4.45835
4.83714
2.87356
3.88762
0.101066
2.65265
5.16862
2.9458
4.64464
5.9098
2.6947
3.17073
3.30788
5.20198
4.27523
1.12957
2.30078
5.17005
1.78772
4.5492
5.15503
3.83821
1.4446
2.40616
6.20261
4.19779
0.717353
5.19263
0.641982
4.44591
1.38547
1.56055
4.7
1.12967
1.90127
5.74766
5.25455
3.4444
1.06127
3.86913
1.89396
3.84401
1.3378
4.2576
1.2391
0.771651
0.358056
4.30113
1.26463
5.06385
2.47845
1.54487
4.9403
4.81924
4.49058
4.62758
4.70921
2.47389
0.731415
1.16518
2.50282
5.24748
0.719041
5.23106
3.70002
3.74685
1.48982
4.52791
3.3538
1.8296
3.96263
0.927326
4.58696
2.20056
1.7416
5.4793
4.97453
2.07234
2.35697
3.37805
1.69208
3.86643
2.38668
2.7439
1.89992
4.93087
6.1382
4.61448
3.29125
5.33685
2.90048
5.19585
4.07176
1.1316
0.735797
0.491614
5.48902
1.35372
2.06539
4.30955
2.58355
0.167502
2.08276
2.78646
2.91472
5.1279
2.77903
1.23211
3.8199
3.94596
4.46618
0.384039
0.672629
2.34413
4.83354
3.34871
0.299917
1.73836
0.229361
3.77915
0.475955
3.35645
5.68267
2.00937
4.74035
1.36739
5.18445
3.55404
1.93321
1.60538
1.52249
2.01626
1.48142
1.50459
5.58949
5.99355
3.7327
2.24249
5.09191
4.17535
1.95957
0.429219
1.68872
1.41902
4.56249
4.41021
3.36214
6.0208
6.0324
1.46146
4.31677
2.98571
3.65932
2.24132
4.17434
1.18367
1.09799
2.11806
1.27016
0.146434
1.38323
0.344624
1.22705
2.55288
0.383211
3.82614
3.19731
3.1808
2.50967
4.42404
4.70954
3.38568
6.22903
0.235705
4.06972
5.65922
2.83886
1.35578
0.281243
1.24872
0.884457
0.390387
4.75564
0.127435
5.4498
1.98509
3.33051
4.35508
0.571075
1.98899
6.17951
5.36361
1.03095
1.5161
4.95691
6.26731
2.39451
5.29753
4.93382
4.81309
3.59109
4.92054
5.37085
1.51576
4.09856
5.54603
4.29678
0.708619
5.91508
1.2242
5.36262
3.93284
1.20094
1.61869
4.26917
1.43178
1.2699
2.57883
4.7038
5.11241
1.52355
5.13842
0.000741141
0.144022
4.32868
2.85803
2.54653
0.583493
2.47475
6.23213
5.0918
2.03425
0.0987707
0.215308
0.000625994
1.91474
4.50875
5.17761
0.452681
4.94353
4.76151
4.5114
5.53343
5.32257
5.15897
2.9792
1.73205
2.02738
3.53387
1.00276
2.85749
0.877333
2.50512
0.211604
4.5184
2.68991
3.33074
1.79877
1.16391
2.86119
1.38401
3.98303
1.17518
2.31674
0.0906704
4.31654
2.66511
5.56329
6.17509
6.12182
1.77141
0.17527
4.292
0.202105
2.97059
4.654
1.94281
3.92649
2.7417
0.478701
5.66568
6.04724
6.11608
1.25429
1.33029
4.99965
5.98461
5.2415
4.20792
0.324804
5.4463
2.03328
5.56487
1.82332
4.75329
4.19615
4.26447
2.19914
5.78686
0.103139
1.91449
5.33106
2.16945
5.08263
0.252818
4.79345
4.35459
1.53506
4.8677
4.77693
2.00622
2.00139
5.81918
1.22014
1.71132
2.51874
5.45384
2.64691
2.27859
5.16275
4.67419
5.61169
2.9863
3.72643
6.17711
1.72116
0.239196
1.84816
4.46268
2.54247
3.13479
2.36454
3.32475
0.201556
1.38128
1.77604
1.55582
5.39536
4.26419
0.970924
4.91969
3.3977
1.5384
5.06518
3.09335
0.830904
0.0987064
5.85177
4.34813
0.667283
3.14417
0.74318
4.57975
4.27468
1.57626
6.24585
5.369
0.793265
0.368613
2.54543
2.38867
0.933791
0.281653
3.13229
3.56416
0.889706
4.43566
2.27722
0.578402
1.75155
3.05247
5.71294
2.04508
3.34477
2.06776
0.516972
4.77078
2.33167
1.85168
4.50468
5.08315
4.45135
0.775504
4.01846
4.58591
4.28758
2.99327
5.01445
1.01977
5.06032
5.26503
0.226431
5.81169
5.68155
3.14069
4.51835
1.47449
4.48647
6.09524
1.22609
2.51136
2.81995
1.17058
1.92971
4.49632
4.47926
4.72972
1.10016
0.409519
2.67827
3.46822
6.03565
4.45003
0.191711
0.604398
4.62098
1.64539
3.65017
1.37637
6.24347
2.70947
1.17448
4.2554
3.83685
5.5852
6.22906
4.72039
1.94171
5.23579
0.639768
2.58972
5.83898
1.75625
4.59279
4.80172
0.0563568
5.72513
2.76494
2.00078
6.01383
2.2684
1.94037
0.293891
1.13593
0.577322
1.48457
3.03
5.99127
2.31079
1.12225
4.89631
1.60264
3.52475
2.21477
3.92869
2.56774
1.26272
5.91723
1.86862
4.13962
5.13292
2.37885
4.39254
1.86636
3.95556
6.18756
5.58749
4.4109
1.68604
3.7001
5.4695
5.08631
5.3238
3.99789
2.83096
4.8263
5.07011
1.4889
1.58016
4.39223
4.26251
6.10157
4.62606
2.75953
2.32891
3.69674
5.01738
4.6358
2.69347
2.13451
0.363956
1.68127
1.15414
1.97136
4.44388
6.06193
5.98392
2.35446
5.08635
1.20059
4.1674
0.233556
3.18734
5.67652
3.59877
1.57146
3.029
0.886827
2.02308
5.11442
4.41252
4.06769
2.6884
4.53793
0.342244
5.37754
1.58264
3.09659
1.33461
1.34111
4.86416
1.24769
3.21756
4.14289
5.26239
3.95145
0.682571
1.00989
5.28679
4.90394
1.14742
1.69288
4.32794
4.95104
4.16924
2.64646
4.93856
0.461867
5.82626
0.740477
5.53166
0.641523
5.95583
1.73898
1.53436
3.36628
1.01467
2.27608
2.27393
4.58592
1.66542
1.2142
3.17342
4.47363
3.61092
2.27168
1.54163
0.610215
1.49629
3.00371
1.33524
3.60575
3.42322
1.4021
1.36863
4.05569
1.71591
1.62318
5.76522
1.05977
1.15662
1.69047
2.08161
5.64849
3.175
0.0362525
3.79573
5.91486
2.34718
2.89467
4.8889
3.5981
3.66694
5.32016
5.73473
1.59309
5.78118
4.23253
3.98255
5.66211
4.45592
6.15285
4.01546
3.739
4.07071
4.72417
3.83449
3.43793
4.05462
3.59985
2.66687
1.4779
4.99627
0.993429
1.68039
3.07749
0.0920543
1.94961
1.04636
4.97435
4.48161
4.85501
4.19828
2.33967
1.59219
4.40642
5.1531
1.22964
2.54134
1.31639
0.0492212
0.14302
0.887757
1.03635
1.55452
5.38178
4.00089
5.18555
2.11861
1.79926
4.81234
4.64584
2.00366
0.284057
5.82553
0.741059
0.17976
4.47131
2.55505
4.47695
3.65687
0.680738
5.26712
0.713217
4.75591
4.95793
2.2678
2.97132
4.3745
1.72849
1.21452
1.85474
3.68742
3.19779
4.53367
2.27089
4.20831
3.7016
4.50297
1.66857
1.5074
3.6832
3.00735
3.68454
0.395136
4.53292
1.93006
4.6792
3.76872
4.03302
5.63479
4.69601
2.97898
2.1472
2.55319
3.61489
1.92562
6.14124
4.42949
2.76191
3.75236
2.71551
1.92538
4.71722
1.65015
1.94754
0.602599
1.50497
4.97729
1.54516
1.41582
0.807875
0.230475
1.04897
2.03858
1.53572
4.51718
1.54151
2.59118
4.25779
2.3234
2.03804
3.05539
5.12543
1.12369
2.40151
1.67645
3.98143
2.57446
3.65837
6.13351
5.09402
3.48367
5.59711
2.93229
4.6792
1.83851
0.020511
2.53725
1.37817
4.9737
1.37611
0.811283
2.03169
1.44104
5.72176
3.35804
4.99898
1.87591
3.60572
5.26025
1.64545
2.09261
1.41582
1.51751
0.163571
5.77564
3.364
1.39302
1.60547
2.43829
4.88005
4.16037
5.90529
1.69479
4.52922
0.738174
3.80351
6.26188
3.77204
5.71999
1.27289
5.17631
5.26943
0.559962
5.67902
5.1812
1.63332
2.66872
4.62175
0.256265
1.41876
4.35005
3.04179
5.37225
1.87982
2.17089
5.47651
5.32604
3.02237
4.4259
5.36245
5.83839
4.32223
0.651295
5.38225
4.80719
5.12702
1.45213
1.93403
5.27933
0.256662
3.25159
0.774499
2.86372
5.2668
1.81468
5.16372
3.84051
4.43141
3.64128
1.35929
4.84442
4.40757
4.55865
3.20309
4.84482
5.0543
2.24441
1.81601
4.67562
2.5671
5.17925
2.62511
1.99858
4.62815
5.77972
4.57733
5.06243
5.05413
2.38283
0.67582
3.13844
1.31085
1.62138
2.11145
5.94611
4.22255
1.71643
5.11432
1.41976
5.13587
5.18506
1.68801
1.20178
2.46746
5.45695
2.14072
4.08138
5.59925
1.11074
4.66096
1.50321
1.67367
2.32634
2.48596
3.10484
4.97661
2.10111
2.04929
4.51511
4.03014
0.530209
0.92565
5.63983
3.30735
2.37355
1.2577
0.809388
2.80696
1.69334
0.144936
2.07019
3.14979
0.729473
4.88321
6.1324
6.27549
4.82659
2.46554
5.25016
5.10775
0.738281
3.83654
0.359366
2.68968
1.61802
0.267988
2.57631
5.25486
4.26396
2.56956
0.317138
2.15158
4.3703
1.95943
0.250558
3.95051
5.02231
4.03004
2.73543
3.40986
6.15914
4.82403
1.43626
0.0284629
6.25996
2.21054
3.8459
1.02482
1.36729
0.701203
3.90198
4.0388
1.00688
4.72536
1.23592
4.87917
3.895
5.67244
1.75278
4.16613
4.54579
4.565
0.761781
5.70015
1.09812
4.2028
5.05476
4.32611
5.31546
5.74545
0.483634
3.12998
0.495964
5.19235
4.66609
4.43727
3.40813
5.69434
4.82731
1.51848
2.16185
0.882261
2.43671
0.823028
2.3454
4.15576
3.23906
4.60131
1.12831
1.86855
3.37249
1.53206
4.61809
4.41974
1.9549
1.60129
3.0376
2.63624
1.40376
1.49252
5.65812
1.62207
4.31136
3.3342
3.44527
1.60657
2.71203
1.35918
1.38277
5.71423
2.3578
1.90257
2.05038
0.139363
5.58805
3.48267
4.7205
3.22602
5.23623
1.03314
1.16762
5.3727
4.0172
4.93549
4.67446
3.37507
4.5906
4.16082
0.063099
4.99179
1.52966
3.49361
2.22404
2.97274
4.90344
1.38083
1.95876
3.0111
0.550156
0.854243
4.79014
1.38789
2.3901
0.369719
3.7106
1.25416
1.14912
5.88194
4.2383
4.42616
4.38092
2.7203
3.70032
3.13324
2.0676
0.801945
0.963606
1.70029
4.25133
6.23478
4.74539
4.62269
5.62207
1.39582
5.5784
1.0482
4.1794
5.73297
4.5093
5.10069
4.78138
0.963623
1.41158
1.63081
1.94143
2.18955
4.85109
3.09165
5.86602
5.49775
3.7328
3.50889
1.79558
5.40646
3.26381
1.89899
0.853073
0.3483
3.196
4.93314
2.24965
4.37045
0.756651
1.44026
1.12319
4.12138
4.82776
1.53739
1.60654
1.94774
5.86649
0.254315
5.56292
2.58284
2.0313
2.29225
6.24746
0.877075
1.80234
1.38383
4.99122
1.93371
2.62153
5.60744
1.28355
3.70726
1.33016
3.81846
2.69505
1.54286
6.00289
3.03539
4.68206
2.68118
4.29297
1.39738
3.96891
4.58385
0.818291
0.596227
4.95382
2.60967
1.77986
0.495271
5.15811
4.9497
3.17794
5.08748
1.72164
4.1834
2.89127
2.2471
0.128234
3.10646
1.18274
5.14624
1.80141
2.43319
4.77336
1.65046
4.48253
4.7436
1.78184
1.01493
4.91391
3.81031
5.18573
1.51148
4.8163
5.07268
5.17741
4.20191
4.87202
1.69097
4.64025
1.27125
2.46597
4.76116
1.04805
4.44758
5.14387
3.75926
4.59012
5.71126
0.560488
4.80085
0.0400044
5.13877
0.574184
2.36191
5.38391
3.32838
1.63644
4.46803
2.22867
4.7319
2.63406
1.24432
4.46482
0.306411
3.05979
2.53134
2.4472
4.60633
0.666639
1.78888
2.08162
4.82201
1.13266
4.01964
1.54522
0.690712
5.79401
4.75886
4.39632
5.27375
3.70051
6.20573
5.05678
1.61164
1.54711
1.52462
5.55013
5.48545
1.15009
4.01318
5.34445
2.17223
0.441482
5.78671
1.96946
1.57941
1.60533
5.47716
6.27931
2.69798
4.45783
4.48542
3.35083
5.90316
0.940196
5.22224
5.05846
1.61143
4.22079
5.58734
2.98926
5.04463
4.30924
4.06741
4.78519
4.31985
5.53659
1.64958
0.716217
2.13696
4.66874
5.14655
1.28401
3.73318
4.63888
2.07247
1.35135
4.07407
1.69045
1.30081
5.01784
2.63187
2.90134
3.67264
1.32639
5.89028
6.19588
4.59597
2.939
4.70869
3.85957
5.06798
2.21101
3.1341
4.97046
6.05661
1.85111
2.15447
6.11231
1.67865
5.22406
3.68897
2.72276
1.30654
5.55196
1.65139
1.5689
4.40514
1.19767
1.65936
2.41672
0.754478
0.497998
2.27407
3.95463
0.94574
5.23571
1.68205
4.5377
0.629885
1.81039
6.0868
0.863601
5.09785
2.65318
0.896436
2.16677
4.73869
0.23331
3.14122
5.09421
2.21142
4.36573
3.55923
0.93484
6.27648
1.80695
2.24557
4.9103
2.9267
4.26336
4.47575
4.2823
3.71086
0.1774
5.36353
2.14398
0.0981529
0.0575166
5.85233
4.96656
1.86715
5.82421
5.84832
3.19525
4.62324
2.95977
1.46609
0.670371
2.04986
1.81301
3.0567
4.45985
0.555908
0.576778
4.99477
0.733461
4.79784
5.47024
5.66188
5.18697
3.66068
1.68313
4.40547
6.2713
2.94871
1.02945
2.90035
2.31658
4.54311
3.95226
5.27998
4.88275
4.33796
5.52314
2.29814
1.54892
5.53435
2.01702
5.63685
2.40582
1.28037
1.23321
4.63877
2.09973
3.54085
4.73578
0.109556
1.81255
6.12394
5.20845
6.18389
4.36752
4.96624
4.96824
1.55794
4.5815
0.05589
1.08422
4.60008
2.00307
5.08613
4.94053
0.232608
5.34454
3.92378
1.08653
3.1534
1.59982
4.35241
4.83663
4.70679
3.95704
5.62086
5.26958
4.00427
5.07824
4.42383
4.56045
4.75407
6.15409
4.10761
5.74001
4.15993
5.64759
0.626098
1.20137
2.89902
0.332968
1.37118
2.98445
6.11316
1.2617
1.18025
5.73778
0.991377
2.73175
6.07323
5.79477
1.57396
5.15952
6.25404
6.16431
1.31887
5.59516
5.67122
0.63812
5.88896
5.57866
3.43256
0.470308
5.4798
6.08153
4.55178
1.59283
4.45351
4.61729
1.53231
6.02481
1.98349
5.10395
4.51636
2.05213
4.47375
2.59022
3.67784
5.557
5.92863
1.45281
3.46865
3.24321
1.88124
1.78274
3.14864
4.39723
1.17152
4.533
5.97749
3.28531
5.29803
5.17213
4.09227
5.47052
3.44996
2.57809
6.0173
4.30206
5.18778
1.29311
0.866234
4.54523
3.12272
6.16285
1.56345
4.16145
4.30837
4.61124
0.158306
4.60769
1.76565
5.01434
6.21409
5.50974
2.10112
4.7015
3.4316
6.23154
5.29928
1.05408
2.00123
3.2936
4.41379
5.09115
2.12859
1.31004
2.3171
4.74883
5.61835
3.60404
4.94273
3.91959
3.68455
4.83095
4.35724
0.651167
1.59203
4.96268
1.88382
5.98663
3.73523
4.44022
1.85734
4.68292
5.49646
1.68745
0.755189
4.84378
0.884737
1.7537
2.20367
1.81322
4.68033
3.45578
3.25662
5.51917
5.59527
1.61196
4.56977
0.929562
4.81361
4.21319
4.47505
5.02425
1.23017
1.2215
4.32277
6.1522
1.47822
0.664094
4.70248
4.23952
1.52099
4.80565
5.66255
4.98366
4.27167
3.52882
0.524236
4.44335
4.58874
0.955502
1.34743
5.04741
2.57081
4.07603
4.86353
0.806095
1.77461
5.43358
1.44705
3.67271
2.85898
3.76757
3.23508
3.69652
1.8782
0.920362
0.783582
1.24332
1.31178
4.09148
2.2263
0.943438
1.6542
4.46512
1.51665
4.2863
1.7174
0.507331
3.33883
1.82554
3.67546
2.83359
1.27466
0.472084
4.7606
4.77193
1.6689
2.87448
5.08804
5.01567
1.78998
1.65724
3.83893
5.22446
4.97717
5.08309
0.436379
5.78634
0.932101
5.89752
4.7068
0.218343
2.84426
5.51903
6.06519
1.2354
0.120352
1.15825
5.14765
3.61125
4.73671
3.98522
4.72893
2.85325
5.63918
2.9795
4.43585
1.3379
1.20374
0.944905
0.992458
4.01224
0.440752
2.75847
3.70028
5.02806
1.77762
4.84027
3.09953
1.33008
1.87556
5.03505
3.98898
4.67659
1.3417
0.554013
4.52502
5.67354
4.73878
4.49631
5.28473
3.09935
1.75298
4.04778
1.51061
1.25858
0.986544
3.74443
0.991003
1.50749
3.51863
1.75597
5.32982
4.71111
5.55597
3.42421
3.25746
4.5565
1.87726
3.50752
2.40236
2.83893
1.42076
2.08534
6.21283
2.78993
1.14671
1.54744
2.06087
2.02094
0.264262
4.83916
4.01169
1.56922
4.101
3.5962
3.90368
1.92746
5.09463
0.00451084
1.28868
2.12617
1.98046
4.12066
4.73421
3.18685
4.50445
6.01464
1.98931
5.52193
0.965389
3.15292
1.32576
5.19873
1.0275
4.24831
3.86029
1.72204
4.80774
4.6093
1.57504
1.04373
0.661862
2.31355
2.76396
3.64026
2.21938
3.71283
0.589652
3.70253
4.60504
4.91955
2.57142
1.88886
5.83242
1.90349
3.08586
6.01989
4.7122
2.367
0.537815
3.53044
1.30401
1.65557
2.40379
4.84179
3.50298
1.43096
3.72268
1.84192
4.83552
0.868385
4.71778
1.68479
0.407573
4.85703
3.71697
4.13573
0.0994132
0.521288
5.19067
0.826277
0.452373
4.19392
3.24936
1.82893
4.64633
5.22902
0.453128
2.52599
4.35168
4.29337
4.53418
3.85971
6.01876
5.72314
1.58685
3.90122
4.85862
0.498019
5.47518
3.04952
5.16862
5.09636
0.0417325
4.88959
4.92648
5.31662
2.50048
3.91857
5.53113
1.28754
4.50608
5.53986
0.888395
2.40877
4.46286
1.03119
1.72254
3.19829
2.34807
2.90401
1.31767
2.28946
5.49412
0.35908
1.0827
3.18941
1.21524
3.58228
5.72331
4.79602
1.55435
1.62912
5.83051
5.40874
2.31229
4.4849
2.50802
2.90608
3.75187
1.13707
0.295148
4.63656
2.07887
1.23509
4.70051
2.05105
1.07686
5.82581
3.98742
5.50527
5.25673
4.2984
1.37328
0.531114
4.1694
1.0691
4.1151
5.26701
1.54286
3.53454
3.27732
0.385001
1.5636
4.82538
3.30335
3.56333
1.3654
4.33268
6.01806
4.56608
3.0929
5.33541
1.45783
2.16534
2.63063
6.04921
5.17184
2.65077
3.47357
1.67121
3.08103
1.46048
1.63124
0.997432
2.59669
1.10283
1.67476
1.6909
4.30688
4.79388
2.33263
3.81244
5.16913
2.55657
0.0689474
3.30175
5.61036
1.8064
0.0706913
2.83521
3.22326
1.55781
0.0367805
4.59994
3.32577
4.1192
2.01685
2.6443
1.52225
2.26077
4.61707
1.97775
5.17381
3.17402
3.97105
0.710661
0.741827
1.68151
0.531334
3.22644
4.19165
1.84816
2.03935
0.10938
4.75275
5.9902
1.59805
6.05028
4.69662
5.60732
1.59226
1.89658
3.80339
4.40939
0.726843
1.36696
5.18866
0.20089
2.94133
6.00386
4.00383
5.00113
4.59525
0.116973
1.4393
2.8951
2.89454
2.02287
5.09734
4.89732
3.94602
3.20661
2.86564
2.94694
1.78287
5.01141
5.25562
1.64861
3.94217
2.44355
6.1584
5.73766
2.9629
4.1692
2.17592
1.83954
1.20094
2.88445
2.29208
3.48825
4.89895
1.53721
0.580099
1.33148
6.18733
4.25191
6.17985
0.378714
3.68303
5.27606
3.00191
5.5012
1.33204
2.69885
6.15922
3.05469
3.30189
5.67254
3.66093
2.84757
6.00537
4.28041
4.69597
4.42086
4.12379
1.34118
5.82362
5.638
3.31543
2.23325
4.99008
1.58994
1.48815
3.76508
2.24555
5.32479
2.59907
5.96216
3.90743
3.23348
0.690582
3.89524
3.69258
1.17828
4.68973
1.41284
0.304104
4.51829
1.55542
0.621841
0.121298
1.40132
0.304056
1.01258
5.60506
0.147836
4.43702
5.34982
0.961178
1.82705
3.78061
1.13743
5.4283
5.11111
4.60722
2.61893
0.366186
1.30887
1.81882
1.51315
5.78337
5.53028
5.27226
5.62176
0.104928
2.56677
3.10915
6.17675
0.981931
5.32882
1.11221
5.42677
0.453674
2.59475
1.20055
5.43805
1.9284
2.80209
0.150833
3.36295
0.834513
0.943241
3.88705
1.9237
1.29297
5.25592
2.05288
5.71358
5.71708
1.22422
2.4581
4.03105
5.09569
0.254205
1.48375
2.40852
3.35589
5.56535
4.99303
2.87775
6.00408
4.61882
1.04795
1.98735
5.71654
5.84108
2.61195
2.09562
4.72207
4.65699
5.70579
0.637931
3.51825
3.8037
5.00934
0.15898
4.8809
5.10129
4.42752
4.75915
6.2239
3.3472
1.72589
5.43623
0.894657
1.8897
0.896679
3.48244
3.67941
3.42679
0.96887
4.40316
4.89202
1.00851
2.86876
5.81646
4.11863
0.204134
3.84509
4.66512
4.46215
4.96351
4.6349
0.957289
1.20897
5.05908
5.43003
1.69843
0.453712
2.74873
3.11037
5.37554
4.12275
4.3869
0.520517
4.78045
1.59587
4.05347
4.7416
0.0725187
1.20469
2.64607
3.57295
5.83284
4.06068
3.65762
4.87267
3.8123
0.477797
5.51907
1.52139
5.33523
2.41754
4.59774
1.67876
4.71088
5.82605
4.02867
0.803051
1.38927
1.60133
3.65285
2.27991
5.99803
5.84282
4.05312
2.44046
4.3244
4.60665
3.01816
4.68673
1.60751
2.00936
3.84726
4.99931
2.36888
4.35041
3.41659
1.95587
5.46767
3.99661
5.55576
2.93986
4.95651
1.1008
4.85233
4.7954
4.91133
1.8111
1.73898
1.65587
4.56477
4.30397
1.49187
2.95542
3.39961
0.255896
1.17283
3.29301
4.23367
6.22775
2.93835
4.07345
4.55883
1.57017
5.67422
5.0464
0.574567
5.17099
3.25399
5.24618
5.71721
4.95903
4.85242
2.53975
1.25218
6.15791
4.50267
2.38332
1.64241
6.17721
3.6786
2.14767
3.89435
5.80089
5.17938
0.998687
4.2573
4.08446
1.35037
2.14993
5.1272
2.69586
4.44505
3.97316
2.20022
2.13179
0.745595
5.0148
0.618591
2.61464
1.65983
1.51407
0.843158
2.71847
0.196941
0.56868
2.5465
5.46915
3.29806
4.99399
5.38804
2.10989
2.59631
4.64894
1.82889
4.77674
3.69832
1.49227
4.86371
4.65129
2.14448
0.08847
5.09708
0.95561
5.78212
5.40324
3.75665
3.19686
4.11951
2.21129
1.84391
1.14008
4.70892
4.28282
0.258512
3.77504
2.99039
0.357573
1.95321
5.08536
2.25118
5.77088
4.07171
5.90259
1.62124
3.51171
0.291503
3.85838
1.69411
1.42162
4.65255
0.34652
2.28704
4.7856
2.60424
2.93751
3.52294
5.72179
2.08794
1.71087
3.1415
4.79532
2.21042
3.11168
1.05049
2.16201
2.59432
5.58904
1.85174
1.60337
1.0819
5.67065
4.84416
5.29245
5.05798
0.0935418
6.21194
1.57216
1.96572
4.00447
5.47856
1.8312
4.71323
5.10112
0.961373
5.51984
1.62448
4.27071
1.01342
4.74503
4.98457
1.31403
3.7526
5.15534
1.24438
4.06473
6.14439
6.04402
1.29191
5.74953
4.88134
3.60493
1.6058
1.44899
5.10651
2.06022
2.95375
3.73323
1.96461
5.05909
2.61327
4.99315
1.51034
3.50734
4.61935
6.11535
5.70922
3.52229
4.88284
5.67796
1.26245
3.21723
4.82312
1.69915
1.61779
2.48849
2.49494
1.9681
1.83686
1.88995
2.26801
0.836594
2.04376
1.36412
0.0128436
1.23511
4.67747
1.59093
6.16121
2.89999
5.22591
0.629714
5.95918
5.49298
2.72208
5.43565
5.11786
4.1669
0.0806661
4.51271
3.74581
3.63271
0.832602
4.51062
2.76897
4.20031
5.03695
4.88081
3.95157
4.05528
4.34398
1.14876
0.217988
4.9129
1.64808
0.844814
0.967229
4.21425
3.19341
5.7835
2.33141
1.78085
5.55029
2.41254
2.13211
0.311679
3.79269
4.93544
3.69915
1.07464
2.14498
4.69459
4.12166
1.75843
4.8046
4.39455
1.52337
5.17101
4.41809
1.70011
2.09604
1.53362
1.26704
3.97694
2.22072
3.65508
5.07179
4.52881
4.42442
3.00374
2.20903
4.2652
4.96165
0.515814
6.04291
2.11508
5.85546
5.05262
3.5033
1.82906
1.682
4.73174
1.94512
0.905255
1.42476
3.77774
5.92159
3.51251
6.15562
3.47067
4.10171
1.64542
5.74504
2.6498
5.00704
4.02264
6.17695
3.95098
3.53947
4.19311
1.32593
4.91009
1.41938
2.67629
5.6728
2.54799
0.841818
5.13417
5.82214
3.10721
0.666434
1.23352
4.5601
5.14237
1.13887
1.37256
1.63531
4.52237
4.53775
4.36046
2.39089
4.10144
2.50972
3.4718
4.60359
1.88671
2.47173
2.19535
1.76799
3.21246
3.75426
1.36947
1.5947
3.7258
0.161055
2.84551
3.52532
2.1665
1.12213
2.53383
4.31903
5.82085
1.9562
4.74643
3.93962
1.96489
2.21136
4.50098
5.07336
3.84322
4.18381
2.56949
4.60148
1.69552
3.3789
2.21247
5.60395
5.01795
4.8261
1.6616
1.10829
5.41461
2.68842
3.80898
4.29583
3.89813
1.31701
0.696322
4.85213
4.38599
2.52732
1.10968
2.76668
1.57567
5.90961
2.46801
0.791856
0.837901
1.19258
4.24395
5.05821
4.63881
1.37716
4.8189
3.06056
1.83099
4.56111
1.79407
1.88104
4.85426
2.65943
2.27089
4.19145
0.402295
6.12684
3.46272
3.67399
3.40901
5.14822
0.158752
1.77038
2.10116
1.07456
4.39653
1.23979
5.64115
0.955995
2.3038
1.9757
2.90785
2.46238
1.90268
5.18277
4.84165
2.49512
0.170846
0.116364
6.03107
3.61857
3.59098
4.99732
5.27389
1.86315
1.43186
4.8137
5.8791
0.0578793
5.26202
5.20683
0.0323581
1.56177
1.05078
0.945924
4.66059
4.61945
2.88751
5.19563
4.14297
2.16098
4.4025
2.01022
5.17149
6.15708
1.54446
0.757746
0.0703728
1.59471
2.76746
1.69251
4.13869
1.30512
2.26762
3.00142
2.73741
2.80027
4.70091
1.49774
0.999549
0.661143
2.91025
3.39252
5.18166
5.26793
5.22931
5.32188
0.11223
4.42115
0.0599857
0.359968
4.16345
4.35756
2.44402
2.30535
3.86214
3.43686
2.60635
2.21544
5.18216
5.12392
2.20106
5.25786
6.0266
3.54432
5.25014
1.5749
4.63222
0.712162
5.17904
0.0666754
1.90119
5.07196
6.06265
2.31503
1.43177
0.905614
1.2896
2.37272
4.66075
0.84146
0.800295
0.689404
1.73237
4.61675
5.48958
1.56472
1.22417
2.42968
2.17924
5.66969
0.392524
1.75726
4.46936
4.88346
2.417
3.8246
2.32047
1.44075
2.89194
0.818561
4.85724
5.14819
4.02392
3.29142
5.21327
3.0765
1.5589
1.68647
0.263097
1.07146
4.9494
4.12279
4.55703
1.55503
4.37377
1.11217
4.62637
6.12821
2.2606
5.71007
5.35334
2.37772
4.96509
4.30261
0.135459
0.24064
2.83644
5.1119
0.903956
4.24009
2.10582
5.26446
2.80743
4.88114
2.56786
6.02366
4.07295
6.25572
5.07684
4.0083
1.67427
5.8684
1.94353
5.97703
0.0311662
2.55499
1.96215
3.59532
1.09107
5.9146
3.15931
6.15439
4.58792
4.3645
1.75406
0.524406
1.91821
5.10635
2.13446
1.17856
0.67682
5.16347
3.82194
4.79582
1.28664
4.05031
1.4146
1.29722
1.59416
1.62102
3.80298
5.20646
0.230517
4.1621
2.46819
5.85858
5.38177
0.591791
4.23992
0.420276
2.82922
5.28434
6.19535
5.06188
5.13617
4.25011
4.7184
4.18395
2.98745
1.48124
1.72371
4.69726
1.25663
4.86131
1.80379
6.2234
5.81456
2.98332
2.92424
4.13153
2.34187
4.52287
4.47468
4.75666
3.3542
1.49431
4.62948
0.135394
1.3657
2.08581
4.45223
2.14552
2.72097
5.78222
3.66463
2.9231
1.50841
5.66696
0.685047
2.7455
5.84951
1.3828
4.51762
1.23379
3.90731
6.09148
0.836378
5.6655
2.75289
5.80996
2.11782
0.789831
3.4001
0.293984
2.03973
1.33328
3.59508
1.66506
6.13265
4.73369
4.07092
5.21107
3.01634
5.67246
0.615331
3.95053
0.184233
0.669677
1.34915
3.33905
1.88727
0.658406
3.02104
5.82604
0.698383
0.119492
5.08418
3.50233
1.60456
4.62505
0.0131959
2.64338
1.26233
2.16755
1.91682
1.99153
4.60753
4.79818
2.58354
2.48749
2.24138
4.21096
3.42834
2.44962
3.30636
3.52259
1.72452
1.83109
4.70829
1.36037
4.75982
4.10705
2.62164
1.72169
4.22489
1.34828
5.75295
3.47901
4.9058
5.62769
2.16817
1.41744
4.3501
5.72515
5.65211
3.28072
0.463379
0.112877
5.01816
2.23303
4.54577
2.32391
6.10847
0.681972
4.17041
3.05361
3.96772
5.14191
2.34899
1.42987
2.86702
2.25284
4.18903
4.79966
5.23012
0.870797
0.25569
5.26016
1.39821
2.57014
1.69821
1.69592
0.226593
5.8899
0.595925
1.06219
0.661415
6.18525
2.463
4.36146
3.17412
0.438912
3.41766
3.91266
0.407137
0.436598
4.17338
1.59199
3.41167
3.53115
4.46247
6.28262
0.176801
1.99621
1.2728
1.39187
3.14079
4.59232
1.27913
2.31428
0.185783
4.23944
3.66378
2.54207
0.426793
4.64576
5.45237
4.34028
1.2877
5.59523
0.759804
2.44557
1.26239
0.729944
3.62375
5.51418
1.65407
4.24073
2.29006
4.06547
1.08003
1.551
4.26767
2.34603
4.65094
5.68965
3.60402
5.63985
5.39826
5.01749
4.48643
5.51636
3.31684
0.699154
0.56259
6.18219
3.12233
0.224217
1.68505
1.65763
4.23624
6.01905
1.27908
1.36344
2.90954
2.53359
5.26335
1.42238
2.61521
2.88712
4.68844
4.89294
0.918709
2.04818
1.13962
6.12141
3.65797
5.18166
3.11498
5.08785
3.89055
4.70039
1.08372
2.3744
4.71063
5.9535
1.99994
3.61664
2.28328
5.49401
1.40287
1.7764
2.21812
4.64184
2.02181
2.75386
4.93266
1.93206
0.510598
1.33789
0.0443417
4.52641
0.973256
3.25027
4.96149
5.48441
2.64705
3.35361
2.60809
5.54849
3.85262
5.20545
1.44235
6.01599
4.62092
3.08989
4.81979
5.78311
0.779894
0.0437766
1.2745
0.73384
2.59521
4.80363
0.715435
3.88641
4.75443
3.20272
3.49974
1.43961
0.968302
0.665371
5.85956
5.9638
4.03983
1.66095
3.56905
5.43731
4.33704
0.841351
2.18546
0.539687
0.549491
5.54864
4.95814
2.80894
2.31143
4.58474
4.69569
4.13847
0.695447
3.79853
1.37895
4.79601
2.2049
4.07179
1.97332
2.25898
5.89023
4.51721
4.82022
2.50109
0.594729
4.83727
1.53702
6.19238
4.29517
3.45505
1.83714
5.1384
6.2593
4.56305
1.25397
1.40062
0.133921
0.737797
4.42756
1.56172
0.612055
2.83746
5.36614
3.29966
5.43821
0.656626
5.29455
5.31369
4.35377
5.44469
1.97606
4.45395
1.71066
1.11463
2.87078
4.43701
4.675
5.78619
3.5509
5.2354
1.49538
4.77501
4.53582
5.0333
5.74796
1.38035
2.74902
2.83005
1.37129
5.27769
3.39622
4.33414
3.16617
0.844644
1.22121
1.95488
4.79345
5.14277
5.9784
0.914267
2.64753
0.320345
3.87598
1.77627
4.62601
0.982242
2.47151
3.72718
0.523291
3.90541
5.42713
0.771024
5.37777
5.72913
0.0304583
3.22027
1.4004
4.05732
3.56431
5.76139
2.64599
1.27302
0.0407195
1.66526
1.63676
2.69687
5.79604
5.22675
2.65524
4.70905
3.48166
3.86573
0.0176471
1.32059
5.37241
1.14418
4.91608
0.175734
4.69751
4.83414
2.13698
3.21236
5.12284
2.4401
1.78658
1.65899
1.82932
3.89137
1.66249
1.96549
4.50022
0.865354
4.88313
1.32304
5.2696
4.94077
1.52836
5.08466
1.16887
0.599225
2.68576
5.42328
6.26093
5.37326
1.06582
2.04619
4.38403
3.62612
3.47116
1.18778
0.78072
2.14162
0.962413
5.16289
4.52504
3.89286
3.10574
0.989575
2.77634
1.54552
2.78011
1.2294
0.231004
5.9023
2.8074
1.50841
2.72714
4.48921
2.34931
2.82886
5.17005
1.64608
5.85789
4.6744
1.8833
4.38303
5.05037
4.95291
1.69243
2.53391
0.859215
1.04294
4.42757
4.46237
4.39386
5.10412
5.09079
2.07328
4.99673
0.671473
5.6069
3.95177
5.93379
5.78033
2.73114
1.38016
5.0623
2.03366
0.962384
5.08414
3.00023
1.97756
2.27704
1.88742
2.11599
1.32909
1.58172
1.83249
3.88646
5.71805
2.43256
1.85876
1.36339
5.90377
0.0585776
1.21174
2.74681
3.38713
0.490864
4.69752
3.33614
4.69088
1.81411
6.07952
5.41082
4.79895
5.53393
2.65304
1.909
2.38228
4.03807
0.893127
5.20228
1.8644
1.15181
0.501835
2.36089
2.85909
3.46538
0.994727
4.59157
2.10272
4.79665
5.05204
4.93291
3.52512
4.29973
4.09251
6.25498
5.74329
5.04052
1.52721
1.03315
0.797191
1.09712
0.166242
5.38099
3.0234
4.10843
5.24188
3.9976
1.54517
1.18758
1.6488
0.829994
4.21881
3.49956
4.73981
4.43186
5.07951
1.26402
4.57291
4.92153
0.143139
4.86437
3.33952
3.49987
6.25202
6.25711
5.77792
0.520736
4.67514
4.56558
1.41341
1.15794
1.2332
4.44886
1.95555
4.59119
1.64301
4.59532
5.00926
3.32245
0.210772
4.89246
4.59819
5.09865
5.11275
0.922459
5.15646
3.75139
3.22067
1.27748
4.25108
1.72251
4.55964
1.78039
3.96663
2.78776
4.13752
0.968955
4.71058
2.98307
0.367568
0.268602
4.70764
3.9821
4.02058
3.0527
4.51165
4.53075
4.8872
4.06149
2.21431
1.60541
2.0764
4.83495
4.32865
1.19154
2.68779
2.01116
0.217557
4.364
2.32152
2.30908
5.78743
4.9309
0.512767
5.72973
3.86305
5.65488
5.53302
0.893384
5.20836
4.85918
1.80218
4.2534
0.768632
1.83785
2.80513
2.33168
4.18673
3.39707
1.11263
1.50379
2.33339
5.39087
2.18196
1.72627
4.14748
1.1063
5.4078
5.81992
4.96183
5.70133
1.51261
4.18667
1.29228
4.36186
2.1145
0.919411
2.11721
3.94952
4.25639
3.03526
4.80888
4.50588
3.36754
1.32056
2.87594
4.52841
1.94933
0.654876
0.400939
3.83888
1.80451
0.916048
2.88991
4.02289
2.1264
5.21971
1.85212
5.71239
0.172175
1.83768
4.26352
0.981724
1.89182
5.01975
2.99369
3.56734
1.81553
4.06367
1.60656
4.20868
4.73084
2.02878
5.82786
4.99641
2.36672
1.43541
2.37437
0.939952
0.807099
4.41818
4.93244
0.0919929
4.24534
3.18262
5.13707
1.57533
3.01207
4.32302
3.26253
4.81162
2.17013
4.01966
3.70288
5.4459
5.30348
0.975792
0.0922528
3.2369
0.892
4.38914
3.76873
1.46574
1.36745
1.27567
1.30907
3.79895
2.22025
5.70497
1.68502
4.46626
3.97243
0.966925
2.85961
1.87864
2.1055
0.529165
0.301473
2.19063
3.72115
2.66112
5.64565
1.72364
3.42369
1.19587
1.57443
2.85565
4.69526
4.7784
2.58284
1.51292
1.99869
4.4252
5.29946
4.64274
3.8083
3.38653
1.42754
2.36358
1.29662
3.07098
4.42677
2.05873
5.13132
4.30909
6.20628
5.11919
3.89206
1.49466
1.17924
1.18396
3.70636
3.60864
0.809229
4.97331
2.89346
2.74148
4.12097
0.907548
5.54928
3.79803
4.7176
3.14638
5.1198
0.72097
4.574
4.05541
0.441826
3.15285
5.45848
5.27711
4.99765
4.76964
2.50041
0.818511
4.59294
4.48629
1.84454
5.81154
2.86571
4.5073
4.45994
0.606233
3.88274
3.38688
4.48615
4.82316
3.53959
2.79419
4.82718
2.10288
1.78029
5.13329
2.33759
2.61809
2.49834
1.418
1.13546
2.07961
1.55965
0.177083
1.31219
1.72467
0.611788
4.75777
4.31967
5.28905
2.06131
3.72183
4.35604
3.65869
5.56966
3.98139
4.46908
5.73978
0.406862
5.35648
3.85831
3.92654
1.98167
4.90682
1.09056
1.63466
1.31525
1.93971
4.28476
2.40059
3.24508
0.439366
2.1481
2.98119
5.01101
3.11862
0.561712
1.80452
2.29769
2.3109
2.38323
2.79346
4.04806
3.92352
2.22766
4.05024
1.11931
1.35864
4.87213
1.93504
4.96782
0.744682
2.30665
6.24565
4.73106
1.60798
1.87762
4.67372
1.56783
4.11949
4.02629
1.39102
1.62655
0.790389
5.33498
1.12832
4.96627
0.269844
4.33363
1.55798
2.87548
5.30929
2.55253
1.36573
4.4841
1.78931
2.10064
4.83645
2.22799
5.05178
1.05077
3.07228
5.73722
0.911849
3.95828
3.42805
2.06327
1.47751
3.25623
1.27377
5.30882
5.67248
3.8547
5.1221
6.00882
1.38092
1.9448
0.250496
4.69442
5.21001
5.66457
1.90037
5.53159
4.70201
5.81889
0.854266
4.96488
3.18034
0.00290991
3.2478
4.17651
0.163735
5.28141
3.7264
2.56333
0.888589
0.746607
3.8108
1.55291
2.07129
1.72848
5.68371
5.17479
4.80699
1.76122
6.00458
1.16772
0.0393593
5.19151
4.27499
4.98053
0.829417
2.28682
5.59679
2.81709
3.86059
5.45438
5.14931
3.10698
2.87834
6.14283
5.36726
0.461985
0.57151
3.47838
5.93131
2.3518
1.63652
3.00719
5.40554
4.46757
5.15362
2.71882
3.55957
0.562748
2.47803
0.53408
4.99523
6.04927
5.66891
5.0068
4.16403
1.48006
5.02857
4.1246
4.96768
2.84191
2.88995
4.97686
6.16942
3.00921
1.50016
5.45276
5.48708
4.80769
4.54802
4.35152
0.947204
1.4394
3.80464
4.38342
1.54386
0.132157
3.99971
5.32656
0.969535
1.71746
4.60351
2.73934
4.96421
1.25728
3.89178
4.54765
1.9502
1.33392
1.55164
3.59791
1.60973
5.22053
0.889609
5.23339
2.85643
4.3002
1.34991
5.57504
1.9345
4.12774
1.16994
0.00514151
4.15054
1.97569
5.39421
6.16734
1.68059
6.23565
0.521236
4.7314
0.896489
6.22888
1.84779
3.05739
4.89154
2.41745
3.23945
2.28168
0.812004
5.10852
4.14574
1.82082
5.79215
2.14957
1.68358
0.954203
0.0910961
2.06272
0.687179
0.361158
4.84636
4.25683
1.18986
1.77125
1.12928
5.52383
3.54897
5.51682
0.940431
4.52696
1.64937
1.12849
0.360982
5.29823
5.82186
1.20843
6.2371
5.25747
2.18436
2.89447
1.73763
0.839989
3.6914
2.8696
4.45464
5.0246
4.82809
4.08406
1.7148
2.50711
0.945236
4.74438
1.54706
4.70948
4.0368
2.40688
1.99162
4.20485
2.75105
2.20209
1.3495
5.25881
3.55881
0.379291
3.22733
5.54716
2.01739
1.51436
0.541394
0.019829
5.16401
0.380665
5.39467
3.85452
1.07755
1.42855
3.36082
0.704914
3.12958
1.90861
1.28556
5.76401
4.16328
2.33493
1.03174
6.28076
1.94852
5.17922
1.44317
3.19929
5.26063
0.317335
1.34279
2.49108
5.72949
2.36042
5.1166
4.45558
3.19291
1.97228
0.793735
5.61235
5.40902
4.04243
0.556379
6.01235
5.31418
1.85054
4.59372
0.281303
3.13266
0.682383
6.06245
4.32269
1.70751
5.48151
2.23166
5.85291
1.4357
4.66707
1.33483
0.842513
6.21806
2.38661
1.60075
5.32586
4.01076
0.376892
1.14695
1.98333
1.50012
2.3408
4.25651
6.1267
1.60332
1.86881
5.23467
1.7357
3.56976
4.67249
1.88666
4.53032
4.49923
5.89722
1.29382
1.19834
1.47906
3.35985
5.44236
1.83565
2.07035
4.22582
5.34432
5.41306
1.47462
1.8657
5.1536
5.56717
2.95292
3.80471
4.49368
4.65303
1.12523
0.207315
4.32983
4.21425
0.301748
1.29366
5.79399
2.34924
3.77229
5.71952
5.40532
5.2168
5.69004
3.28793
1.67637
1.3955
5.96715
3.903
1.26445
1.87092
4.1375
5.4575
4.18949
0.0290291
0.462846
4.52701
2.15865
5.13207
0.459039
0.654015
1.64265
2.30064
3.79686
1.63815
5.60895
4.43338
2.19261
5.10778
4.08764
1.45845
6.21757
0.229909
4.56839
2.31539
5.38332
0.472732
0.511731
3.89016
1.90168
0.429516
1.3218
4.11647
2.21298
1.42159
1.01537
1.47371
5.85603
5.26219
2.49688
0.537105
2.83606
0.354193
2.04944
1.26394
0.00461436
4.55833
4.6676
6.28089
2.66377
0.0549896
1.97628
1.57242
2.29347
3.75517
1.66353
1.19227
2.44561
2.88672
2.53815
1.63461
4.66656
5.11207
5.12815
1.47832
4.13981
1.30492
1.49395
1.83274
5.46752
0.264612
3.27028
4.27595
6.24311
6.18848
4.41155
4.93245
4.35629
0.161179
6.00929
2.15204
1.22976
4.46896
0.336294
5.99875
4.0713
1.89084
3.32242
4.65914
5.35603
4.30051
2.76866
1.27723
2.92528
1.62391
3.11749
2.57321
4.77893
0.748251
1.5444
2.52144
5.00385
1.13288
2.54231
2.4534
1.42423
5.73806
4.76271
3.27983
5.22244
3.72554
1.5935
2.38117
2.28871
1.75913
2.40199
6.04465
1.88949
5.20756
2.68859
2.43441
5.64062
0.693677
2.16546
3.37101
5.86481
4.79266
2.68652
4.36506
5.16708
2.07636
3.3765
3.07629
5.6891
2.92017
1.79174
0.78652
2.18538
4.61405
4.84167
3.50692
4.70703
2.15688
3.97436
3.85453
5.84476
2.0551
2.34278
1.87697
5.8566
5.90817
5.66214
1.81409
5.21492
3.86053
5.76244
3.47091
1.94576
4.78967
2.51803
4.47896
6.02274
2.91186
4.53099
2.7805
0.736902
1.84304
1.8591
2.89265
4.73442
0.162122
4.48736
1.34101
0.558077
3.94372
1.52854
5.54734
4.58195
1.58886
4.47412
5.12088
2.76468
0.52286
4.58993
2.46666
1.02324
3.34312
2.5512
3.57198
4.94596
0.787804
1.27635
1.61777
2.30254
3.31645
1.8411
1.57849
1.92095
2.70075
5.8882
1.08302
1.95422
4.70893
6.2803
5.37421
2.16266
5.16097
1.35869
0.00970881
1.02256
1.81728
0.300545
1.4358
5.4813
5.56715
0.854586
0.764691
4.04771
4.52195
3.02417
1.50778
2.61243
5.96767
4.17738
4.39204
4.61658
5.41903
5.32525
6.17862
4.11489
4.43344
0.575853
5.02671
4.86409
1.33211
2.32151
5.06434
2.01851
1.69924
0.831378
4.42558
5.64279
1.29738
1.84101
1.00921
5.18578
4.15559
2.06713
2.29069
4.25944
4.12444
1.79934
6.12053
3.67173
4.11339
4.53135
0.116817
0.689167
0.3358
4.67288
5.11855
3.58329
1.00655
2.9071
0.51044
1.35157
4.9822
2.84382
1.98976
3.53354
6.20622
3.4524
0.13024
4.77837
2.44821
5.30361
0.553505
4.92961
2.97096
5.42241
4.59551
3.26113
3.89567
4.26042
0.474359
1.83642
2.60394
2.94433
6.0376
3.94991
4.86194
4.44724
2.48732
2.15306
1.44543
5.70352
1.58393
3.59879
4.02873
0.690672
3.69727
3.5302
5.6692
1.59206
3.65538
3.00672
0.909679
0.64336
1.81956
4.91654
3.80498
4.50624
4.43241
5.33128
1.22026
3.00924
2.32422
1.43489
4.71774
1.74119
3.76244
2.20416
1.365
1.05126
4.74786
3.26432
2.58686
1.31554
4.48859
2.47108
4.20886
3.86544
0.399239
3.94595
4.61176
5.02442
3.98213
1.60732
0.408685
2.18675
2.48729
0.316252
3.65207
0.469188
1.5919
4.75933
1.4854
5.6744
5.5318
3.87896
3.37166
5.0443
4.15194
2.15462
1.17141
4.37502
1.45694
5.03783
0.924398
5.0025
0.625027
1.72105
3.28109
3.03513
1.25862
4.70284
1.07216
4.74932
0.605348
3.53655
3.29168
6.18157
1.86038
3.71947
1.81313
2.06571
4.79958
0.467783
2.11465
2.99675
5.3177
0.424636
0.894718
2.02586
3.35298
1.92508
1.4907
1.04614
3.66511
2.25585
0.0379404
5.18863
4.1682
1.53582
4.38358
4.30927
0.072135
4.3193
1.99682
0.792889
0.869234
3.11307
1.7643
4.46378
4.31464
1.99656
5.58823
0.241552
3.10519
4.35672
2.04619
2.70891
2.93842
5.84338
4.79054
1.40469
1.34402
5.46033
3.79669
2.03061
5.51522
1.51556
0.291489
6.00532
5.15174
4.21068
4.65613
1.36487
4.91657
1.69139
5.12129
5.90986
4.89338
0.518445
1.44344
0.983841
1.75215
4.75124
4.0602
4.51122
2.53823
0.706329
6.13857
2.00183
2.57624
5.27716
0.763008
1.81143
5.27821
2.37227
0.105793
0.327544
0.960966
1.60481
4.16291
6.01443
1.77518
6.02303
5.93658
2.28109
3.04506
4.67761
1.91032
3.99458
2.77881
5.32471
0.393139
1.58708
4.94219
3.33158
2.82075
3.01123
0.498744
2.50918
2.3601
4.28148
2.95427
5.89962
1.15434
3.25039
2.15539
6.20506
3.77275
4.92698
4.79282
4.2583
1.22726
3.90858
1.39781
2.83369
5.17374
4.18252
0.273495
3.65189
1.75012
0.113364
0.778673
1.35346
4.40165
4.94816
2.12088
2.02936
1.5529
2.53075
1.99367
5.25519
0.0718133
0.0639535
2.85267
4.87803
1.1324
0.475366
4.8447
5.93121
4.19801
3.37807
2.32001
2.05122
1.53952
0.362373
1.47011
2.62416
0.100824
3.52714
2.06313
5.70174
1.11168
4.59768
1.62733
1.94207
4.34223
2.68702
0.116681
5.04599
3.67921
5.54705
5.36505
4.77756
1.36997
2.82962
5.75938
1.60149
1.09288
4.84848
2.27587
5.49729
5.48214
1.83248
5.91839
1.44659
1.74864
4.77307
5.29236
5.69684
4.65073
3.73252
1.9394
3.13462
1.13048
1.54582
1.6236
1.98033
2.53259
5.22913
5.18544
3.88037
1.5999
5.23756
6.18947
2.4874
4.25281
2.67687
0.433656
4.66216
2.48365
4.99018
0.965059
4.82157
4.06951
4.00133
1.22932
0.842962
0.930383
4.62176
3.32008
3.15521
4.93142
2.70198
5.04961
5.65925
6.13922
1.18303
4.79466
5.69316
3.32506
2.00493
1.94217
3.99419
2.13896
4.72011
5.03521
3.83498
3.74455
5.55192
4.58201
5.12218
1.71625
3.23866
0.801781
2.37475
1.22944
5.02033
1.75154
4.61791
3.37399
4.64189
0.305494
3.43332
1.90018
1.49033
5.97058
2.48358
5.54148
4.59468
3.76774
1.3562
0.915703
3.89433
5.5295
0.83351
4.83319
1.66534
6.18098
0.834187
4.67427
5.98508
3.69417
4.18811
1.25561
0.0135706
0.205776
4.776
5.67902
4.32634
5.32403
5.17745
4.81537
5.73414
1.4395
6.17744
5.63924
0.522841
2.10936
2.47017
5.4745
2.04192
3.88517
3.92263
2.53338
4.4219
2.20662
4.89867
1.31226
4.99553
5.29733
1.29243
1.70528
5.94128
6.26074
1.32956
2.02095
1.40108
5.73603
3.44566
0.322397
6.03014
6.13562
4.60144
3.20962
4.89937
3.80802
2.7792
2.24834
4.57083
3.4813
1.0904
1.54934
2.73471
4.49896
1.38733
4.96537
5.46046
5.36507
3.36516
5.29127
1.69952
2.26791
3.11921
4.54276
4.25832
4.22973
0.85204
2.41801
4.91422
2.96244
1.15115
1.74574
4.90071
3.36788
0.574957
4.67714
4.57457
3.08439
1.96287
6.26336
3.775
3.69189
2.75327
0.758691
2.18037
1.85953
0.805171
2.08056
2.30809
4.477
1.48709
5.03088
4.7856
4.48199
4.8263
4.6726
1.8083
5.54584
4.46724
0.85575
3.80717
5.81392
6.10045
0.9147
3.79715
2.8424
1.26376
1.51792
2.07773
5.43504
1.47338
4.57607
3.4426
3.023
2.72558
2.25014
3.29103
1.89898
3.3506
4.17442
2.02052
4.94285
1.30682
3.42877
5.18985
4.95542
5.33316
4.31165
4.66571
0.209204
3.8474
4.33544
0.424065
1.01693
4.60557
1.49807
2.06085
0.902184
4.61073
4.76348
0.863834
3.67149
5.65095
4.06865
0.66236
2.93587
5.04914
5.52438
6.19101
2.07323
0.0438867
0.117776
4.14442
2.01986
1.49956
3.88829
1.41163
1.67072
3.61955
4.1342
4.11338
1.31506
2.9159
5.44466
4.72449
6.21753
0.419039
1.55537
5.72194
0.46341
0.263612
1.25432
1.54424
4.81044
3.54706
1.05277
3.00844
3.89377
3.20545
3.36421
5.05822
4.48816
3.63397
5.17262
1.21157
4.21195
6.07394
5.51261
5.79682
0.984843
4.83521
1.31934
5.0561
4.46953
0.810167
1.01315
2.24799
1.61191
0.381638
4.40079
2.04924
4.45859
1.31585
2.0933
1.73444
5.10588
1.33088
4.78891
4.88831
1.93896
5.61134
0.635111
4.42762
0.925285
1.52363
6.1803
1.49157
5.82571
5.89371
4.43467
4.45282
2.13161
4.4427
2.55117
3.75241
2.85404
1.15361
3.39033
1.17213
5.10784
1.10962
0.881234
4.58015
4.3015
2.26002
3.6918
5.4264
4.61416
3.6214
5.0977
4.7903
2.89796
0.33492
1.65797
1.01213
1.1908
3.76093
3.71674
5.68321
2.02136
0.0369723
4.30266
5.41075
1.19233
3.73397
4.46513
1.38243
5.07972
2.58441
4.00016
5.82922
4.5226
0.976003
0.342752
1.08291
5.75387
0.212607
5.67565
5.56272
2.68885
5.48499
4.89303
4.60083
1.62655
4.41791
5.24401
0.52782
4.16244
1.91682
1.96099
1.67084
5.21009
0.697968
4.7417
1.90951
4.66223
2.61064
1.31173
3.38736
1.6639
3.51112
5.3402
3.34678
3.89906
4.32624
5.74854
5.3578
1.48708
3.7028
5.33427
1.91917
2.58846
2.31749
3.69032
5.06395
5.25801
0.422642
2.36362
4.35214
1.21581
1.68127
3.70372
4.92403
5.41995
5.2008
0.710222
1.22753
4.23001
4.47291
5.40404
2.54888
1.52509
4.72104
2.10819
2.8482
1.65429
4.96002
2.11068
6.19146
3.39969
5.1379
3.88519
3.54771
4.37534
4.57213
1.74584
4.57102
1.44988
4.10038
0.796865
5.06855
4.57711
4.63223
0.777534
2.93898
5.931
1.30212
1.75406
2.93363
0.0412548
4.3313
3.57906
4.18685
0.504415
4.37868
4.54566
2.38511
1.91294
1.37489
3.17905
1.42615
2.3847
4.65557
1.25786
5.21217
4.67018
6.10977
5.29774
4.64016
1.77444
6.08676
3.74744
0.465876
5.47347
1.37427
1.98216
1.09476
3.09577
6.1036
4.90967
0.697626
4.94564
0.329786
0.421112
4.78407
1.26016
2.91685
4.54747
6.0603
2.11432
3.93325
5.19878
0.2758
2.09351
5.81425
5.3069
4.90646
1.98764
5.95791
2.78475
2.45979
1.96313
5.37766
4.5882
4.66448
4.67171
0.287585
5.63713
4.57482
1.70665
4.74157
3.01419
1.66356
4.44983
4.75619
0.976653
4.07089
1.17156
3.71234
4.8478
4.44788
1.46682
4.85867
2.51785
3.99051
0.733257
0.324803
2.75504
2.07173
1.60832
3.79543
2.48192
1.34579
5.27585
5.8063
2.20473
4.81887
5.41906
5.96879
0.344573
1.2404
2.08504
4.8827
1.65159
5.14347
5.29588
3.26879
0.778132
3.08375
0.00474259
2.27037
5.01134
5.05193
4.44375
4.72186
1.93573
4.96889
4.50752
3.10668
4.54071
2.203
0.64155
1.51833
2.85161
1.17303
1.08509
4.51542
5.28756
1.23498
1.17502
0.171778
2.14064
5.0969
4.7306
1.14051
4.58224
4.88703
5.05531
1.43881
4.67897
4.19151
5.16345
1.36101
2.16358
3.06044
4.81177
1.36128
4.08612
2.16481
4.19928
4.52627
1.8461
2.591
2.63569
1.62081
4.61485
5.86467
3.05691
2.68461
5.85084
2.49226
4.44665
1.68264
0.104232
2.09856
1.88791
5.37856
2.47099
3.25808
4.3125
2.1968
6.20909
5.62882
4.61025
5.10072
1.12297
3.95494
3.78109
1.95579
1.70208
0.586076
0.602159
6.04882
1.27417
1.8512
1.85481
1.21028
0.280298
2.33288
5.13588
6.154
4.09664
1.61613
3.32839
5.61273
0.398191
1.37015
1.45624
4.79365
4.86954
4.51874
4.10042
3.34699
2.72529
1.39619
0.0639851
2.10384
1.83923
5.98174
3.11494
4.95093
3.05044
1.89689
6.08113
1.286
3.98696
1.82218
4.58692
3.66182
1.50676
3.32633
2.92418
5.05903
3.55536
2.84404
1.93079
2.84318
3.95727
5.11447
4.36127
1.27785
2.13699
5.29343
4.76027
4.81026
4.44288
0.781696
3.87174
2.65876
0.369331
5.52405
4.41451
5.63522
3.07601
2.97697
6.16885
2.26798
1.26042
3.1915
3.73907
5.03694
2.93246
2.95649
5.92886
2.34711
5.03241
3.38831
6.17908
1.85538
4.23697
0.685735
2.1575
1.89526
4.68453
4.74069
2.74234
4.19851
4.84723
1.67727
0.722619
5.14079
4.6575
4.43934
2.99505
5.85646
5.20462
3.41022
0.623899
0.763988
2.75058
5.47944
0.926278
2.14153
6.05399
3.78376
5.06287
3.79341
1.05336
0.628703
5.81666
1.6351
4.34054
1.93827
2.15795
0.55214
1.94498
4.79073
4.88289
4.85155
3.19843
5.00442
4.1197
0.901567
5.57869
1.80216
1.60622
5.84069
3.19236
2.8495
1.9745
6.06024
2.32245
5.69936
0.0985463
5.69092
0.0204687
2.53688
1.1418
2.60087
3.27024
1.57105
2.68339
2.30648
0.336521
2.20479
1.86956
5.93825
1.15881
1.35456
5.97906
5.64449
0.0719238
4.88233
4.68809
3.12572
2.16136
5.33047
3.87995
1.26658
5.45368
3.56957
2.15973
5.35938
1.70527
5.12087
2.74603
2.01221
5.09555
1.6842
1.51103
1.40083
4.74369
4.19679
4.70158
4.17792
5.82285
2.43076
1.84516
1.32161
0.97206
1.406
1.63741
3.60426
3.9448
0.305435
4.61901
1.45025
2.59153
1.94564
4.5023
3.13603
1.78568
4.80706
1.28664
4.21753
6.16355
2.28778
2.57891
0.182415
2.04461
5.73946
2.25156
3.33181
2.61631
2.15402
3.47943
4.42827
3.94392
0.175152
1.06561
1.19654
5.63222
2.53358
4.20162
4.53366
4.73696
5.0416
5.06462
5.08664
1.38806
2.79052
1.1055
4.5053
2.17401
2.92591
1.71135
5.75976
0.938188
4.42405
4.97928
4.13514
1.06593
4.82443
3.68886
5.60289
5.0666
4.55758
2.85164
1.6557
3.65537
1.76919
3.73002
0.537099
1.23579
0.141838
1.96917
5.50564
5.0404
5.84282
1.40108
3.64236
3.91965
5.68507
2.27316
5.89165
4.62831
1.09697
5.16154
1.53267
4.02227
2.04792
4.71988
4.43667
1.85894
3.24055
1.70175
1.97985
5.87692
1.69038
5.47428
3.01015
3.10907
4.79741
2.21404
3.85583
4.68563
1.605
4.29732
0.0934646
1.48673
2.62851
0.177518
2.1587
2.10085
2.67501
4.52218
0.145673
4.24267
4.09582
4.75421
1.72763
5.2583
0.86273
4.78299
3.81204
0.484423
0.2495
3.07941
1.36543
5.52871
5.9976
3.44832
3.26102
0.924152
1.92768
4.27528
1.55759
2.88615
1.02436
1.02369
2.95318
2.06136
5.84104
0.857766
4.3627
6.09397
1.21105
4.47778
5.04184
6.2264
1.74489
4.81631
4.85952
5.19528
5.74217
1.04971
3.1122
5.03772
2.10869
2.82268
5.21088
1.10301
5.2437
3.89731
2.37763
5.31012
0.223813
0.129628
5.12619
1.07228
3.2622
4.69677
3.89813
1.82462
3.64843
0.632902
0.913169
4.92909
4.12356
0.0247533
0.975741
4.37355
1.92337
1.73911
5.01268
5.3695
2.47902
4.54035
5.53992
4.80984
5.73989
4.41013
3.52959
2.23014
2.48152
4.30874
5.1139
0.730616
4.24337
1.05166
0.856399
5.55537
4.73345
1.53934
1.16743
1.86919
2.54683
2.21047
1.11003
2.08996
5.12613
0.687209
2.75355
2.34922
3.22884
1.47658
6.27666
6.21275
1.80598
1.70619
2.83532
1.50479
1.27883
1.41424
0.410139
2.14413
3.22044
5.30828
5.91951
3.28469
1.68855
5.16113
5.15709
4.75543
0.284388
1.34393
0.967147
0.413218
2.17856
3.81822
3.6082
0.840527
1.31129
1.41706
1.62416
0.43153
5.73646
2.85474
0.833706
0.267698
2.58751
0.892271
2.15518
3.73515
3.74124
1.88451
2.96473
2.24595
5.59025
4.79439
1.85073
1.20156
4.54275
2.68858
4.62859
5.6716
1.86254
3.46093
2.20841
5.01754
5.38751
4.97652
4.7994
4.48879
5.01459
3.70883
4.59977
3.37895
1.31689
3.02791
4.82161
1.25445
0.802678
6.20729
5.83028
5.30858
2.33298
0.827029
0.525027
0.311158
1.05868
3.97439
5.32537
4.6066
1.45555
0.983571
2.35693
5.96529
1.6229
4.78024
4.35097
2.55369
5.33784
4.21392
4.48256
5.49698
2.40112
2.73129
4.15254
4.73198
4.87902
3.38083
6.27604
5.04497
2.69004
2.09738
0.20032
2.85823
1.44239
4.00113
5.21218
5.20993
5.43017
1.66348
6.17437
1.56911
1.5286
1.76978
4.37662
5.20968
2.23325
2.32096
1.31054
3.65108
0.880308
5.28617
0.0199201
4.37084
4.73823
4.0261
3.12161
0.533236
3.71036
5.08442
0.636947
0.474784
4.02141
1.49088
5.48007
1.51626
4.43734
1.98936
2.44262
1.01096
4.2332
1.79407
1.88602
4.50408
2.77958
1.40394
1.16763
4.72209
1.05596
1.4645
5.50423
3.24142
1.4856
1.54573
3.88353
5.12563
4.17914
4.80201
1.92268
4.25568
2.20077
4.44715
4.10607
1.96178
4.09069
4.33713
1.8933
1.06795
1.50473
2.04709
0.711379
3.15378
4.11976
2.71669
3.36653
2.86731
5.98115
4.12597
2.83471
4.96474
2.01811
1.97088
0.80757
1.80449
2.93781
1.48525
1.1534
1.12428
4.7407
4.04317
2.55503
3.74092
1.67416
5.17685
1.14733
3.63826
3.74878
4.36208
1.32081
1.70754
3.96389
1.48194
5.19939
1.25965
5.35192
2.15969
1.41638
4.6085
2.55783
1.63063
4.04804
0.643101
0.856109
5.12786
2.74935
5.5209
3.3632
0.941204
4.74919
3.19096
3.89284
4.02171
2.68404
5.24944
5.55013
3.44659
0.0550222
1.18409
4.9819
3.78521
3.7302
0.270052
4.71633
5.63037
6.04655
2.56653
4.83842
0.7587
1.12045
2.17267
5.96326
0.494847
0.69976
4.82574
1.39889
1.78313
4.16221
6.25967
0.509846
5.18028
0.290753
0.688569
4.61285
5.97132
2.28559
1.27361
3.70798
1.74988
5.76921
4.56129
4.22521
4.60476
1.31601
5.14704
6.27578
5.03102
5.90701
2.29454
5.60757
2.3783
2.06232
0.910861
5.79748
4.33806
5.12732
5.43688
1.55065
1.63108
0.379275
1.59677
4.44558
5.54316
1.33105
6.17593
5.4054
3.71508
3.04277
3.04816
4.49153
1.28041
1.37397
2.22113
1.98215
4.63315
0.350295
1.23806
2.56173
1.18188
3.46747
3.35397
5.49436
0.403224
1.46614
6.08709
4.34879
1.27183
5.6788
2.79209
1.33183
1.95798
4.4933
1.50589
5.47691
3.77185
3.94752
1.13745
4.19039
4.12284
5.03535
6.17196
1.14632
3.79463
2.04187
1.37573
5.043
1.25097
5.5246
0.117229
1.36052
5.03515
1.80137
3.97743
1.49219
4.85519
2.13087
2.29088
0.459947
0.791873
1.53247
4.9097
4.91528
0.0754651
3.20867
2.55104
0.782184
4.96465
4.55579
5.36451
3.71113
1.49993
3.70244
1.71659
4.95163
1.32752
4.70034
3.28332
2.2877
1.8302
3.90277
2.39415
2.60703
4.40656
0.907464
1.23602
5.31975
4.16769
0.0303702
1.63256
1.72164
6.21908
1.55776
3.67709
3.37969
3.00566
3.83756
3.17883
4.98672
0.832248
2.92414
5.29659
2.56616
0.89684
2.43002
4.01498
1.71446
4.64775
4.35096
2.2665
5.26284
3.54663
1.69006
0.0218572
2.31058
1.1358
4.32981
5.18154
0.763605
3.42443
4.4039
4.32085
4.69553
1.97917
0.276416
3.72464
4.03021
1.23925
5.20501
4.58087
4.36398
6.1018
0.155044
2.13037
4.86119
2.24575
3.79204
4.70429
5.22253
1.30825
0.151631
6.04398
4.34698
5.06058
4.68216
3.34633
5.9733
0.680324
1.0475
1.92947
3.04535
0.817143
5.78944
5.58103
3.9072
1.70346
6.26306
2.67859
1.55231
5.48927
4.10999
0.885155
3.02542
5.28535
2.34265
1.83623
2.73121
2.34695
5.91694
1.72193
4.3349
1.46382
2.77697
5.03164
1.73992
5.51631
2.66155
5.79047
5.76169
0.590682
3.69607
2.3445
4.88392
0.295703
3.93931
5.04914
2.54711
2.92256
4.89192
2.281
5.05834
4.36067
4.37999
1.48404
4.6984
5.71191
4.5564
3.02035
5.51742
4.55832
0.16288
5.7521
4.40027
5.71112
0.102564
1.59491
4.68936
4.27548
2.38259
1.49207
5.58216
5.56679
3.49817
0.481809
4.99144
5.70656
4.48768
1.33883
0.218885
4.81585
4.7993
3.44689
1.32698
5.88209
0.397098
1.66709
5.67673
4.44116
2.43682
1.1319
4.57267
6.12746
0.945596
4.0099
4.54083
4.12916
3.97792
6.08048
3.33295
1.50154
4.84877
5.17207
0.296961
2.12593
1.96094
3.26511
2.26356
5.81335
2.24717
2.43468
2.05852
6.06746
1.0449
5.87813
5.94257
6.13869
1.37205
3.50237
4.92457
5.36686
4.67625
2.36928
1.23335
0.9658
4.4633
1.18014
1.39958
1.55566
3.17317
1.18638
3.13946
5.44279
0.236961
1.33127
1.88962
2.28915
0.251398
5.85501
1.76489
5.46043
3.30833
3.34947
1.68969
0.452901
4.94159
3.65451
2.43339
5.78496
4.45914
1.59596
5.16658
1.05035
2.99548
3.97015
5.03715
1.34783
4.30033
1.13281
2.17112
0.862909
5.02356
1.78838
0.750804
4.55336
4.69228
3.21602
0.937241
1.49548
4.93746
3.59405
1.30287
1.10071
2.49546
2.15278
2.21901
0.699501
1.43626
1.77971
1.41003
0.390117
4.73437
1.35246
1.45556
4.14043
2.94993
0.737588
1.68951
4.29983
1.96431
0.024664
2.38873
4.06539
3.69618
1.45182
4.93321
5.03242
1.52674
1.31852
4.53302
1.86253
3.8548
6.23546
1.3942
4.08922
5.42735
5.93566
0.769992
0.932814
2.60598
4.11632
4.91038
2.41197
5.5697
2.11729
5.60535
2.63254
3.74505
4.78564
4.37699
4.32157
2.16311
4.40618
0.321342
2.53643
2.35632
3.27484
2.95954
3.07791
5.43788
2.27089
5.46761
4.95863
3.51056
1.17604
3.36217
6.25614
5.88945
0.685426
4.18047
1.6685
4.68876
1.68674
5.45052
1.15299
5.26237
1.13233
0.237803
2.22892
2.32581
0.273457
5.62209
1.78734
3.60295
4.45574
5.66398
1.21741
0.909182
2.72289
2.58788
4.85898
5.81949
0.0667328
1.39058
2.31475
4.3817
3.70877
2.5189
3.9443
4.52042
0.846939
5.68944
0.963302
1.7147
4.05691
1.88182
4.73322
5.85747
1.26305
0.519258
1.52205
1.43721
2.89783
4.86769
2.89102
4.26923
1.77162
4.12066
1.5094
3.93844
3.38263
3.86929
3.39906
3.48507
5.69798
2.52915
1.62857
3.39883
5.28075
4.96243
5.26883
2.12992
6.1371
1.58402
1.45344
0.131104
3.31678
5.23934
2.17095
5.73965
1.92393
4.18593
2.4195
4.53243
6.23716
4.00046
4.32693
3.09886
3.03792
4.61834
1.02161
3.0118
5.14458
1.44113
1.52545
1.28783
5.00167
0.70066
5.37256
5.58683
4.97765
5.07117
0.455932
5.01794
0.796251
1.12437
4.46904
0.434593
4.01943
4.89907
6.00446
6.0887
4.65349
2.76509
4.9162
6.05515
1.34548
1.33596
5.30933
5.38528
0.709822
5.54605
5.58351
1.24511
5.03871
0.752185
5.20768
0.851812
0.935699
5.17497
5.36238
6.04526
0.449802
5.7066
0.604257
4.97195
4.60596
4.65654
6.14105
2.20218
2.10676
1.9598
4.87841
4.95723
1.47951
2.47591
1.87623
1.20569
5.70567
5.37685
3.32579
0.124926
0.862649
2.10117
2.38151
4.35368
1.06745
1.27592
2.28232
2.88419
2.30386
2.13748
5.40636
4.74694
0.0966558
3.74889
3.66152
1.49331
1.466
4.64769
2.56668
4.76692
4.56998
2.38868
4.12431
1.80506
4.03573
5.3519
3.74548
4.57284
3.74693
2.38821
2.31186
5.73856
0.214263
2.92125
4.67966
5.53941
6.00293
4.46707
1.66738
2.02771
2.55265
1.65726
4.77509
0.664257
2.44511
2.68032
4.82082
3.82371
2.0863
3.4243
1.98513
1.36229
0.380087
5.90438
1.16016
4.75926
4.74944
4.21539
4.05616
1.80572
3.13597
4.87391
4.39767
2.72662
1.43931
5.83116
1.58453
1.54783
5.06404
0.227681
6.26783
3.26371
3.87556
3.63133
2.3078
4.23316
0.286855
1.4643
5.24941
4.60783
2.6866
4.89057
4.01336
0.828489
4.45165
4.95201
4.67162
4.47764
5.65823
1.74341
5.91477
1.54246
4.89825
3.90541
6.22697
6.22859
4.30643
6.12915
0.801121
4.41378
4.84635
2.10042
3.67178
1.42195
1.13779
1.8696
1.34124
0.055266
3.76851
0.464187
4.93071
2.72657
3.79154
4.29941
3.94598
3.67713
2.24304
0.357413
4.9424
3.5863
4.43096
2.9785
0.298845
3.99589
1.77063
5.95795
4.09913
4.28843
2.21691
4.40493
6.26498
2.24153
1.98503
1.39893
5.27623
0.844753
4.9696
5.53315
3.03057
4.99615
2.78919
3.23041
1.8278
4.27938
5.24596
3.54563
4.93717
4.73666
2.87075
4.92489
5.35054
3.15076
4.32947
4.63318
2.91523
5.09698
5.99639
2.58909
6.13516
3.55844
2.48928
5.18463
2.86067
4.44602
0.148187
4.08839
4.30113
5.35859
1.21217
1.12169
5.31518
5.57084
2.96385
0.366214
1.65514
0.719734
5.61677
6.13155
1.8098
1.0294
4.81048
3.67047
4.81364
4.72147
5.18882
3.2644
2.10084
2.86266
1.58696
4.9408
0.824479
5.97908
3.32423
2.13951
4.0248
2.55208
1.29781
2.33567
3.45161
5.83113
3.19559
4.55857
3.2878
3.89131
5.78642
0.779224
5.74062
3.76608
1.81029
0.808868
3.3583
2.97725
0.441338
2.61525
5.79537
4.98956
5.27394
1.57106
2.53589
1.22883
0.680361
0.667932
1.62843
5.28859
5.68002
2.94984
4.81022
2.54117
0.195524
3.128
3.45044
1.32418
2.25872
6.17748
3.72607
3.63697
0.275126
1.97602
2.23687
1.94666
2.11404
3.76038
3.06568
4.60412
4.64021
3.95072
4.16281
5.66063
3.63269
1.22883
1.65527
5.4806
1.53914
4.53911
1.8661
5.83555
1.12795
4.45935
3.34947
1.18401
2.13552
4.63258
4.78317
4.82591
2.70736
1.48494
4.76629
4.19273
0.699583
1.55355
6.19905
5.50988
6.02933
3.07077
5.7333
4.21725
4.33803
0.919336
5.85997
0.579969
5.07965
4.89153
2.93673
1.74884
2.75517
5.7524
4.63885
1.78362
5.00917
3.9145
4.4207
5.15303
0.528853
3.78733
5.28251
1.51519
0.433071
1.87517
4.70232
3.93005
5.38323
4.22622
1.00522
4.27382
2.93783
5.05357
3.66316
2.09283
0.0325543
0.226463
1.99516
2.12312
4.32372
1.56377
0.841632
0.558402
0.273524
4.52343
1.54272
1.71411
4.32213
4.1807
0.421267
1.81905
1.88111
1.43116
3.75863
4.6189
5.46326
0.964685
3.38679
3.12209
5.73499
0.807007
0.258703
4.92334
4.52369
6.096
5.13468
4.69856
4.56531
2.44869
4.68685
5.30708
5.5928
4.76293
4.88758
5.14999
4.34033
5.44294
2.35256
3.30445
1.34034
5.06209
5.21347
1.20659
5.57003
4.90789
0.872886
1.14507
4.01279
1.11237
4.38937
0.279097
2.25567
2.0654
4.1653
4.8633
3.49487
1.76068
2.73431
2.58951
2.09946
5.62618
0.121612
5.15399
3.79846
5.40077
1.1174
5.30902
3.86482
1.70601
0.603153
4.84553
1.86121
1.25675
4.90163
1.76583
1.50992
4.7329
5.2478
0.306767
2.13891
1.70563
1.11484
3.41299
4.5764
5.13637
0.662687
4.32693
5.66609
4.13228
1.33269
1.53716
1.83115
2.32183
1.23848
3.03863
3.28239
1.42997
4.94183
1.4962
4.91578
5.01505
4.12498
0.61
2.28058
1.4251
5.45311
5.91431
5.49126
1.12012
4.33559
4.65003
2.58221
0.901842
3.4081
2.45394
3.53495
2.61945
3.86295
4.63223
4.45721
2.14236
0.111345
4.96904
4.42949
4.8641
5.31124
1.56381
0.651989
5.53337
6.13205
3.74425
2.72764
5.11568
4.01878
2.17084
1.30413
3.46121
4.60802
0.159009
4.40418
3.69818
1.76196
4.61737
1.97521
5.02798
0.297312
2.98796
0.0297355
4.45522
4.94947
1.24272
4.82676
1.47462
5.65589
1.46657
5.26311
4.37454
1.44117
2.02871
4.90613
2.08504
1.52734
1.11699
5.11085
0.173501
6.08465
0.981138
2.52438
4.31913
0.0188825
5.85189
3.43992
1.73144
4.21294
1.40504
5.84748
5.52701
3.90577
0.0867606
1.79097
4.08126
4.93354
1.26993
0.270172
1.81384
0.510158
5.58058
5.18663
0.959274
1.18951
3.96009
4.22784
5.17825
5.50684
2.18894
3.67122
3.15469
1.70085
1.58052
3.82094
2.11241
2.0656
0.438567
1.83885
0.739544
0.991944
4.64831
3.30238
1.47967
2.54141
1.40453
1.04313
3.33937
0.714254
3.82095
3.35217
1.36517
2.34763
4.42869
4.54765
4.74948
4.13914
3.00313
2.08283
1.55875
3.04413
5.20799
1.34683
2.66406
2.35168
2.30162
3.44323
4.70996
4.41316
4.69596
0.643065
6.1974
3.95262
3.96526
2.32405
2.44245
1.89741
1.73493
3.18471
0.654927
4.67924
2.93128
3.08482
5.4318
1.61158
4.51835
3.06845
2.03759
5.01514
1.20999
3.14586
1.27824
3.47078
0.105098
0.410773
1.87354
2.76628
0.825092
1.01999
5.58017
4.7715
3.08602
3.70509
3.16517
5.23712
1.61787
4.68169
3.82311
2.83624
1.26978
0.354907
5.87991
1.3041
0.0365745
4.80104
4.15998
1.28412
0.18153
2.99735
2.36574
5.8667
5.2682
1.88271
5.36495
2.39165
5.14225
4.55438
0.957539
1.66249
0.0302786
4.18493
1.22724
5.54
4.41226
3.48208
0.220045
1.85613
4.20991
3.86521
3.56479
5.57909
1.78609
3.19137
4.62687
1.48287
2.4305
1.97286
0.58929
2.83714
5.06453
1.89713
0.362689
4.92871
0.886208
4.54805
5.45596
1.57894
1.54369
4.59137
1.94986
3.52421
4.94657
3.86043
2.02824
3.90443
0.435268
4.12152
4.63906
1.73261
1.64634
2.17716
3.25597
1.42909
4.76728
1.62463
2.12494
5.22968
1.40045
5.39242
1.86822
0.615053
4.87291
1.62067
0.933247
2.49845
4.91199
1.07768
2.43405
4.40083
1.44535
3.48031
0.0320828
1.42463
1.94131
4.48265
2.96037
5.23034
4.70065
5.04519
1.80505
5.38953
0.931904
1.53712
3.41162
5.17195
2.4683
4.60812
4.78293
1.45121
5.54324
2.46115
5.21499
1.08795
5.22454
1.91652
1.47918
3.95587
2.7437
4.51178
6.10781
0.366464
1.22621
3.53178
5.04706
2.75222
5.06221
1.45713
1.90443
1.7602
2.12219
2.71949
2.60259
1.41817
2.5455
5.29266
3.3933
2.66215
1.1318
4.10004
0.170304
5.73295
2.27641
3.75928
4.85108
2.00175
1.00782
5.27275
4.55755
1.11975
1.57327
3.65216
2.75034
4.07637
4.70347
5.31998
5.19943
1.6266
2.38733
5.33748
1.40989
4.65493
4.51638
5.07777
3.88861
4.05869
4.24101
3.00886
0.499746
5.02821
6.05073
5.55482
3.22162
0.724404
3.14357
0.811443
4.5508
4.33377
6.22951
4.88154
1.50834
3.52678
2.08442
1.01493
2.32859
0.428635
5.31961
5.26845
4.15488
5.20036
1.15792
2.46768
0.868681
3.78705
4.38881
5.26261
3.6412
2.09448
0.216762
6.07659
1.12592
5.03922
5.83805
0.504043
4.3888
0.553624
6.05514
4.58046
1.52432
0.516007
4.64963
5.08516
1.54266
1.54437
5.82912
2.08028
5.01457
2.54152
0.162161
5.76709
0.531783
4.02505
4.39915
6.26949
2.17327
5.55692
0.992273
3.30125
0.384424
4.2888
4.7952
3.31379
2.62117
5.14365
1.52566
3.88903
0.403773
0.822377
4.44448
1.6627
5.89913
1.49568
4.92141
1.06414
0.16234
4.66642
3.78013
1.52168
6.09958
2.03081
5.49689
4.82126
4.78918
5.16799
1.66533
4.75492
6.06475
4.63903
1.46995
4.77895
4.25807
0.632977
0.60719
1.06757
0.84297
4.43802
4.07168
4.83722
1.61371
1.90046
3.55567
0.820341
0.848148
0.703781
5.25436
4.24218
3.73193
4.16808
6.06521
1.79029
5.03217
3.08515
2.72632
0.431819
0.718496
4.85008
4.72692
1.94997
2.46267
0.142976
5.0537
5.29977
2.39149
2.17289
2.88055
4.92954
4.35288
1.08889
0.684202
4.7048
3.59986
5.83176
4.98023
2.11863
5.25434
2.24746
5.09387
2.73444
2.71394
3.95955
4.4128
3.8669
2.08414
0.589977
0.579676
4.06667
4.36059
1.3931
4.40749
4.09458
5.86981
0.298545
5.52652
3.61693
1.74496
1.45359
3.0057
4.17572
5.21817
1.86619
6.14098
2.5445
0.339555
5.31144
2.18294
1.82436
6.06081
1.42056
1.98581
2.65628
1.78925
1.3436
4.14729
1.0161
1.5874
4.78151
1.39718
2.74409
2.06082
1.59941
1.9583
4.0304
5.9927
3.11952
5.58969
2.35195
1.70368
1.25624
3.61544
4.06841
5.83568
4.99317
2.05752
1.29313
5.78112
5.06258
0.903678
0.0263827
1.81885
4.65888
4.58312
3.54955
1.66591
3.72199
0.617483
3.18877
3.20214
1.02569
3.97459
0.348647
1.78262
5.26826
4.71214
1.47312
2.04485
3.92752
0.529729
1.93217
2.26535
2.06141
2.27918
5.02514
2.38726
1.12871
3.71371
1.35091
2.7082
3.70308
4.83776
5.04074
1.37986
4.41519
5.23092
5.08293
1.1066
1.51917
3.97962
4.01086
2.18698
1.72455
5.90553
4.84916
1.53107
1.06213
5.3893
2.38284
1.24161
5.23775
4.4966
1.3031
4.51602
1.37815
1.04234
2.36125
4.72532
5.38933
1.51898
0.97948
1.943
0.256278
3.37602
5.67257
2.85311
1.8653
1.43238
1.8199
4.02491
6.16346
1.27543
0.403073
5.80128
5.04037
3.4477
1.03142
4.48856
0.14633
3.6464
3.21621
5.23052
5.01734
5.28774
1.54051
3.86409
5.67381
2.8172
1.432
6.26114
0.299294
0.741733
1.75512
0.30102
1.35771
1.20282
6.16823
2.00177
6.00551
5.1397
2.80722
1.89825
4.10647
1.50816
0.51232
5.00805
0.792371
2.12727
6.18068
0.805579
0.146107
5.31728
4.94907
5.44682
5.5869
3.50696
0.233195
4.84846
3.53998
5.98767
4.31348
1.55756
4.24709
4.47724
3.94174
1.39474
5.31375
3.87249
5.90593
0.0767037
5.00185
1.78539
1.7822
2.50717
4.19928
4.60099
5.6489
4.17317
0.680345
2.17278
4.75976
2.04571
1.02345
2.0569
2.59567
2.85641
4.00242
1.47116
5.22068
1.46201
1.65195
4.05378
2.6083
4.77842
5.82797
5.75275
4.08064
4.3945
5.54934
1.20234
0.404645
5.76785
2.04508
2.83973
5.35118
0.14687
4.50809
6.05946
6.05727
4.86671
2.528
1.75487
4.87268
4.53974
0.631872
6.06209
5.29976
3.05482
0.937248
1.65821
4.41746
3.60872
4.0436
0.98975
0.252272
3.39042
4.4334
0.879592
2.02119
4.04164
2.26622
0.809042
0.531608
2.75789
4.63525
4.68241
0.891495
2.06721
5.09677
2.15064
3.86383
1.26255
4.63656
4.04599
2.73122
0.844072
1.44513
3.90605
1.46381
5.83571
4.51735
2.50267
1.56462
3.06765
4.11102
3.89121
2.61306
4.81466
5.54789
1.41709
2.61408
0.137012
4.64874
4.9612
1.88271
2.665
3.70718
6.21194
1.52175
3.06856
0.259403
0.927974
3.23744
4.4629
1.10224
3.5159
1.94148
5.51559
0.971561
0.221339
3.98575
5.8086
4.51039
4.31862
5.65856
0.665348
1.14215
1.05686
2.82832
3.531
1.77106
4.71775
4.58773
0.888089
5.90646
5.95901
3.66274
3.93625
3.6127
1.63208
3.34243
1.29937
2.75009
5.87031
0.857004
4.70318
5.76378
6.02439
4.88875
5.76105
1.53968
1.70741
0.000358314
5.63742
4.3906
2.18738
1.16398
2.58769
3.61137
0.873386
5.21474
0.509852
4.78027
4.77347
1.73387
4.67684
2.45907
1.38769
1.86384
6.00013
4.9103
1.85403
4.74977
0.936191
1.92305
0.975147
1.85149
4.31788
2.4252
5.84097
2.18362
3.31187
5.47219
5.28177
2.6359
2.64372
5.07209
4.46263
3.2426
3.74286
1.37403
1.617
3.86971
4.68991
0.205122
2.07324
3.34664
4.82925
0.842892
0.33625
4.28543
5.3609
0.131441
3.64447
1.67903
2.21982
5.84583
1.12841
1.2143
0.113411
3.30451
3.45519
3.94934
5.93637
4.91616
0.948259
4.36785
3.97636
4.32285
1.88984
4.55599
1.25915
5.69066
5.45979
2.62359
1.3036
0.787206
3.75268
3.12377
2.64812
3.86977
1.4922
5.09801
2.08012
1.27596
1.20161
4.3062
5.47323
3.13103
4.59297
2.99268
3.90242
5.17636
5.06056
3.29084
4.35328
1.5097
5.25343
2.66405
6.09201
4.38535
5.10327
3.56071
4.85288
5.42207
4.78682
0.776571
4.95096
0.960468
3.86235
0.959255
0.874924
4.68753
2.39532
2.70544
1.60055
1.38866
1.39427
4.2879
4.14878
3.88509
5.03216
5.82477
4.72826
4.84984
5.32747
2.33875
5.66542
3.62286
3.62181
2.17352
5.29464
6.07682
2.84022
3.40979
0.124431
1.81754
1.22735
4.26889
4.56372
3.53699
2.4518
4.37297
3.83398
4.10599
4.2055
4.65322
0.55612
2.36648
1.5199
5.16877
5.26743
2.24582
4.78949
4.9435
4.64337
3.72482
5.16177
4.3193
4.24331
3.32158
0.146489
1.85866
1.26503
4.48654
4.89105
3.56781
4.71689
4.7361
6.24648
5.99105
4.39944
4.07583
4.64512
1.13116
5.78048
4.76829
3.61863
5.52232
0.0879744
1.54225
4.60412
2.27074
4.84038
1.6803
4.58808
2.09496
4.66278
2.54767
1.26444
1.0232
4.23215
5.39179
1.03637
5.32831
0.418048
2.16039
4.39066
2.38939
5.4131
1.45702
2.55122
6.18842
5.66334
6.06462
1.16351
4.79726
3.8537
5.83604
4.36461
5.25321
0.731044
4.9361
2.305
1.38479
1.29551
5.4408
6.09677
4.54874
4.52271
2.60587
3.5664
0.761649
1.84046
2.32492
6.07816
5.25125
2.3184
1.45635
1.17586
3.39306
4.59185
4.83549
2.49722
0.666068
3.79559
4.53469
6.03833
1.65101
4.90588
6.23878
1.65883
0.146234
0.0193498
0.348471
3.13922
0.763542
6.1487
1.68944
4.3235
4.32465
5.9443
2.80048
1.25339
4.0623
0.91153
2.77691
1.7379
1.20017
6.09899
0.759349
5.93966
1.39294
0.535173
1.78606
0.0689056
4.75213
0.16091
2.19523
5.93095
0.520742
3.80842
4.80646
0.787203
1.30559
0.827546
2.46004
2.03407
5.37192
1.41618
1.57409
1.12555
1.66066
4.31968
1.41588
5.14686
1.8764
4.1555
0.647097
0.541408
2.39553
5.07695
3.4177
5.3653
3.56395
5.08297
1.54015
1.16156
1.96693
1.49118
2.86148
0.79751
1.41461
0.60038
3.18191
2.76016
5.38646
4.95387
4.66577
2.12186
0.488325
2.52906
2.4261
1.19074
2.42777
2.55496
3.42036
4.86956
0.80445
5.04992
3.88426
1.85407
3.80168
4.07106
3.84643
0.344045
1.31345
1.74253
0.223185
4.46922
5.11451
5.23746
1.62741
0.193732
4.38961
2.6738
0.25386
1.75855
5.69516
0.36505
5.83873
5.84727
4.78456
3.35819
0.300769
0.0906203
2.26007
4.86172
1.83181
4.0255
2.53234
5.44372
5.30466
4.76086
4.97587
2.77207
3.41235
4.35302
1.15845
2.55138
5.24237
2.9837
3.53658
4.90338
1.11401
2.60896
0.968352
1.3037
4.13198
3.11432
5.33947
3.99824
0.489573
2.02743
4.40107
1.87984
3.3404
2.74621
5.74121
4.56944
1.66409
0.0202666
0.473095
0.60698
1.60407
4.05979
1.47448
0.201371
5.14937
3.80867
1.16542
4.84612
2.30348
4.55971
2.28185
5.4443
1.39344
3.8648
0.950146
5.97756
5.29768
0.691668
2.4128
0.951989
0.535397
6.24707
0.435338
5.53599
3.72514
4.82878
0.166672
3.30311
1.76678
0.634278
5.80116
1.03173
3.37014
6.03933
4.55379
4.07912
4.34115
5.117
1.77621
4.25037
5.40535
4.99517
2.00774
1.44134
4.23873
6.10132
2.5849
3.14368
4.47493
4.85356
3.23708
1.54969
6.26358
0.430442
4.80066
0.409314
6.19709
2.37149
1.69846
2.18816
2.70019
3.67133
4.42651
2.4147
5.00943
2.08613
5.16894
1.24582
2.84603
0.428983
4.24411
2.19725
0.50219
1.52042
1.02848
4.72512
4.62507
1.03929
3.96535
2.7851
4.22832
1.01648
2.07821
0.283343
1.2728
4.7376
1.54093
6.09647
5.09756
5.78051
4.10522
2.58834
0.39435
1.24874
1.37383
4.36768
4.41953
4.91187
1.86842
4.50739
4.58501
3.20032
5.85643
5.33013
4.83186
0.959618
1.07317
1.45298
4.09401
4.06301
3.14251
6.15653
5.65451
4.89752
5.02313
4.63855
1.70906
5.37598
1.86574
1.48985
3.86747
1.9539
2.13966
3.86334
2.12869
4.82985
4.402
1.39498
2.53434
1.32855
5.3438
3.34451
3.36265
1.53555
3.54794
4.85971
5.12254
2.02039
4.68775
1.81295
6.1386
2.90736
0.277415
4.17597
1.43747
4.69859
1.98516
3.25673
2.31544
1.07021
5.1184
1.01747
0.418302
1.47375
4.03233
5.25172
3.09431
2.05429
2.30035
0.692018
0.756159
5.17965
1.09807
6.2732
4.63909
1.01392
1.87654
5.64672
0.960229
5.31166
3.4164
5.16125
1.57558
3.46001
3.82559
2.15709
4.65047
5.5698
6.02566
0.487009
5.77276
5.98177
1.72302
0.0278984
4.39936
4.35975
4.65861
3.50768
4.70439
5.71937
4.70901
0.850353
5.43706
0.47813
3.75694
2.17295
2.77297
1.09458
0.738721
4.66118
5.68075
4.96258
5.86544
1.80661
2.86044
1.52429
5.28285
1.89742
2.52209
6.10266
5.48374
4.51439
0.775023
4.18463
4.32681
4.39176
4.12266
2.74864
0.935061
1.45843
4.89574
3.15954
5.48514
0.681924
4.30245
1.46092
4.33107
1.83684
3.21144
3.73927
5.18571
0.136618
0.797106
4.2525
3.92178
0.351963
4.4293
4.75715
1.59405
0.792543
5.47046
3.80032
5.43959
2.32348
2.29651
4.83901
4.71056
1.82587
2.91585
4.10158
2.05069
5.84026
1.74692
5.88403
2.81434
0.565038
0.673162
4.5773
5.77953
4.86601
4.76484
1.95971
0.560476
1.77099
2.10296
4.86458
0.932771
2.61859
3.21868
3.66489
1.0661
2.70959
2.65493
1.88298
3.01921
3.72272
2.0536
5.60508
1.59088
5.55299
3.52265
1.54797
3.58847
1.21044
2.09771
1.84978
1.17035
4.28501
4.7553
1.32861
1.56735
0.120745
3.08837
5.19572
3.90418
2.81956
5.00649
0.796298
0.595977
3.2525
3.94509
6.2455
5.94922
0.322199
1.47527
2.25977
1.52767
0.0605535
0.567076
4.85267
2.2514
4.27437
1.47652
2.04018
3.09296
5.29696
1.02951
4.44983
4.18542
3.18826
1.84878
2.19227
5.4863
1.35786
1.48137
4.29256
1.52296
3.62371
4.88499
1.81265
4.68142
3.9534
1.12866
4.12023
4.31923
0.324676
4.18679
4.91617
1.13561
3.20514
2.98958
0.477443
1.55748
1.93137
5.20562
4.13126
1.52239
1.78235
0.744662
4.79021
6.08167
1.72698
1.26289
6.1932
0.806068
1.42956
1.65068
0.427592
0.214093
5.06528
2.35679
1.24327
3.7407
0.0242866
5.98252
4.66582
1.12422
3.20332
1.17399
0.723452
0.188711
5.18938
2.85604
0.149974
4.01088
2.89071
2.68053
1.44685
5.79282
2.89484
1.61072
1.10551
5.30234
1.03372
1.51417
1.60486
2.1584
4.48411
3.86167
0.255305
5.89624
1.251
2.34883
0.616489
2.34392
2.55895
0.549463
2.64606
3.92437
3.59533
5.85034
3.28905
1.6472
1.858
0.970562
4.16404
0.201134
1.25311
1.84001
3.48052
0.0864079
4.32347
3.25963
0.647907
1.67227
1.48829
2.98164
4.03513
5.04348
2.0073
3.07606
1.7426
3.5891
3.22068
3.29297
0.76842
1.62759
0.702905
3.35064
5.0174
0.196338
5.65942
1.26042
3.29585
3.61012
0.0505648
6.05488
3.93588
4.45524
2.04805
1.60469
1.68793
4.87795
3.80765
1.00873
5.55416
2.89074
4.79263
1.65843
1.46108
1.01674
2.93096
0.822931
4.3881
4.56893
1.28534
0.116871
3.93686
3.90811
0.178695
3.68734
2.46276
0.102846
4.46128
3.37154
4.87225
0.120418
4.19443
1.37509
4.79569
3.5186
2.22192
2.12522
1.92621
5.76928
4.65144
3.41952
0.886913
2.81428
2.32903
5.60414
0.348386
0.275186
4.52959
1.04435
5.80849
5.77577
0.660367
6.11179
2.49624
4.72512
5.89382
5.46763
4.14106
0.418724
5.51813
4.47483
5.28086
0.0963691
4.41258
2.92144
4.11611
1.86633
1.16761
0.655333
3.81868
3.15417
3.11478
0.771105
5.43168
0.549586
5.76676
1.24863
5.83156
0.321725
2.55491
1.39026
0.830017
3.83687
0.17783
2.53045
4.48107
2.80051
2.44771
6.10826
2.06413
2.13644
1.68451
1.42461
1.42319
2.06645
4.47351
1.37843
3.15889
0.705094
5.89644
3.62111
4.89335
0.113683
5.94811
0.83504
3.66138
5.86955
4.68094
1.44674
2.67002
0.384999
1.51003
4.54303
4.79305
2.71751
3.57081
3.6492
5.21152
1.69298
1.90113
4.79863
4.41247
4.21471
1.44832
4.57839
1.68272
3.0682
3.53441
1.725
1.09216
4.38459
2.63847
3.19284
0.0341653
4.45932
4.61194
0.843539
2.8445
1.22846
3.08456
0.955289
3.71715
2.74653
2.74015
2.50446
3.35115
4.79542
3.77812
4.93186
1.97916
4.67429
0.0632504
5.52142
1.46745
6.07471
1.73965
3.74137
1.97407
4.09337
5.14669
1.66496
3.63996
5.11154
4.25422
3.01717
0.936339
1.3802
5.96816
1.08663
5.01494
2.01278
4.99475
2.12576
0.471626
4.08548
0.208306
1.72309
2.03971
1.94035
1.96303
2.55689
4.48458
2.3366
0.0438014
4.12445
4.17203
3.1076
2.54915
1.77647
5.25259
3.57278
4.6383
4.30366
6.22244
0.874281
4.02661
2.46486
4.47299
1.8584
1.75437
4.30566
1.1474
3.02038
1.42322
4.6477
2.13837
3.32728
0.0343289
4.58202
3.18803
1.17685
4.33885
0.536123
1.57665
5.03371
1.1698
5.33286
0.59785
1.84465
6.08479
1.78942
1.34741
4.49076
2.39726
1.95124
1.76081
3.42455
0.728837
0.0877367
5.51457
1.81995
3.86415
0.718615
1.39883
1.27982
1.70284
1.60458
5.37377
0.434443
4.69965
5.19504
1.6315
3.3575
1.20243
4.03422
4.83144
1.88906
0.519064
5.63411
4.83289
5.37826
1.51492
6.17918
1.42918
3.31603
0.46094
5.58421
4.72378
5.64642
1.94614
1.71204
4.33686
4.13488
6.22648
3.42983
3.8175
3.40948
5.95448
5.67193
1.45846
4.76811
2.11096
5.56235
3.24652
2.06349
3.84631
4.30066
0.0880281
5.38975
5.68921
1.88855
1.42953
5.1793
0.665424
2.00689
4.50821
2.30907
1.47543
5.0869
1.25733
1.88976
1.21219
0.73256
0.40561
2.91795
3.47515
1.51378
4.38874
1.82268
1.95946
1.10275
5.33503
0.787978
5.21801
0.171138
4.39053
2.1566
3.88681
3.58888
4.47378
5.76019
1.96211
4.84754
0.794724
0.37931
5.0748
2.65066
4.12754
5.22317
3.42494
4.94348
4.73719
5.43125
4.56641
0.828176
1.37806
4.40975
2.31732
1.09892
3.34786
2.51039
2.255
4.29053
0.858959
3.22288
4.53592
3.13009
2.29461
2.7753
2.79851
2.14255
3.56237
4.77773
5.54331
1.3627
1.90659
4.00749
5.77317
0.0713105
0.631728
1.87569
0.252892
4.80976
0.812578
6.18366
6.02112
4.55766
2.22617
3.87839
1.44092
2.72813
5.10791
5.232
1.77195
4.25039
1.98131
4.78194
4.70376
0.671064
1.50489
5.85074
3.14585
4.36846
4.42994
4.69723
2.14269
4.01344
2.46564
2.77475
0.347672
2.2924
2.95819
1.10908
4.36881
0.613095
1.08139
1.57556
5.54716
3.2504
3.91261
1.67691
1.56528
5.88896
6.0435
1.73114
3.17971
1.4815
4.85955
0.950651
3.84652
0.237211
4.72663
0.821868
1.99505
1.25465
2.22229
4.75247
2.40231
3.0432
0.0403299
2.63797
0.868364
2.68681
5.6128
1.12059
5.98695
1.06163
1.84788
1.87696
4.53824
4.88965
2.9594
1.19664
2.10955
4.49789
0.332634
2.52282
4.51955
1.46015
0.566581
3.94185
6.20925
3.39469
3.86665
4.7162
5.37974
0.211236
5.64561
5.21732
3.00567
5.15706
1.05966
6.23172
1.47522
4.50952
1.10794
1.22123
0.883008
3.1499
4.34483
4.31791
1.83437
0.369155
1.80014
5.72563
4.83276
4.54452
3.26765
3.60108
1.65661
1.6198
4.73363
3.61517
3.70035
5.19111
5.59279
1.69306
2.71518
5.50598
3.5435
5.77262
3.45723
0.361797
4.6235
0.826112
1.29098
0.862652
0.0430162
5.66561
5.71597
4.81035
2.65936
0.426776
1.59562
3.85552
5.80817
0.944563
1.37316
2.8821
5.34381
4.64556
1.46259
1.71184
1.44116
4.13855
1.65363
5.26675
0.732075
4.8343
6.24691
4.82726
3.57557
0.434249
2.45251
5.51155
0.933964
1.42738
0.728351
0.229025
2.52797
2.00066
2.79513
5.39014
0.318616
4.75905
0.237053
2.23302
4.59444
6.18863
4.09188
1.71855
3.3612
6.25942
4.58216
1.0184
4.37941
5.01929
4.59768
2.5882
3.94437
0.503077
5.41924
5.10279
3.84309
3.6336
3.10787
0.888699
0.127896
0.401976
1.27906
5.58534
1.97096
4.94581
1.15722
4.4075
0.630451
2.02335
1.33917
6.02108
5.00584
2.97356
2.76737
1.44666
3.83514
4.87327
2.6668
0.708522
6.21621
2.03174
0.74803
4.51645
2.63755
5.91209
3.59891
4.96672
0.0746554
3.39463
1.77178
0.117304
5.22973
5.42302
4.84099
5.59053
4.87019
0.0192211
1.51718
4.72628
1.05563
1.07263
4.26782
1.2546
2.78397
2.72417
6.16631
1.75016
5.8579
3.26813
0.602091
4.59213
0.350262
1.25459
6.23972
0.255711
5.71695
5.64166
5.23369
1.81915
4.07868
3.89259
4.14829
4.36148
4.08782
3.92454
4.07628
1.42114
1.59469
0.824407
2.51223
2.42377
4.733
5.39077
4.27706
5.50603
3.10064
2.93825
2.29178
1.01931
1.67032
0.508051
4.95415
1.79601
1.9371
5.52681
1.8647
2.82703
5.42168
6.00045
1.53875
1.76423
5.44053
1.04495
1.74336
5.35973
0.621565
5.28675
1.00118
3.21747
1.31655
2.37922
0.369905
2.90984
0.391763
2.41617
1.54133
4.54077
6.24023
0.626643
2.58019
3.25238
1.35283
1.29317
1.97345
3.03995
2.21104
0.902503
4.04713
1.71455
0.559518
1.38735
0.745578
0.766979
4.69152
1.31523
0.640038
4.04794
3.82987
3.12926
6.19242
5.51599
1.75721
4.49916
0.527737
2.7312
1.63291
1.30883
1.59401
4.79853
0.946281
2.29365
1.91774
3.19744
5.03244
1.61378
3.35403
6.13587
1.69984
2.17199
4.82876
2.20736
5.63487
2.33619
4.7762
4.99798
2.51636
0.0055497
4.79383
4.4313
1.56848
0.414956
4.80399
1.35309
4.50176
0.782678
2.39338
0.31663
1.5115
5.27275
2.42922
4.40389
1.71597
4.62208
5.23644
4.58074
6.27773
2.77058
0.705028
3.1332
1.73491
2.92432
0.52567
4.45591
3.24738
5.37799
5.46279
4.6961
2.79737
5.8199
4.94735
1.09234
2.21555
5.22019
4.34923
1.21379
3.11319
4.20514
2.65333
1.6985
1.5412
3.35861
1.20203
0.259744
3.80552
2.43525
1.1998
5.83882
4.76045
1.46221
1.33854
2.09725
5.58055
5.72051
4.86694
5.03699
6.10569
1.53169
1.65544
3.73298
1.56373
5.15006
4.43641
4.31227
2.64915
1.42161
1.63994
1.49425
4.51457
1.56926
1.83729
3.7453
2.58678
4.08696
4.64842
5.9574
3.65129
2.01843
4.25387
0.454376
3.47406
5.35402
4.7803
2.57642
2.97707
2.4409
0.223296
5.10948
3.09393
1.43533
1.45864
4.57175
1.33212
4.98198
3.51165
2.72708
1.90126
1.50563
0.862859
5.72645
3.54436
5.56687
1.38891
1.66789
3.69045
1.45943
1.45941
1.99005
1.82087
3.96237
1.26666
1.49884
4.80531
1.26664
4.90209
2.51136
1.38237
1.70088
6.21627
0.00521057
3.9295
4.08753
2.1929
1.43683
1.34285
5.5167
2.60584
4.52282
4.93584
4.92629
4.13349
1.75532
3.89269
2.94556
3.27237
5.17412
4.4359
1.27206
2.3986
4.31755
4.31709
3.88289
3.88295
5.65203
2.57979
2.5673
4.79944
2.67696
0.84049
2.22425
4.80903
4.22876
1.55109
1.2636
5.379
5.20864
5.15323
2.94858
3.7313
3.61739
2.76792
4.49763
5.22083
5.15679
5.36207
2.21591
5.53203
3.56704
3.98924
0.125601
5.43235
4.79188
0.467874
4.01629
5.22766
0.84026
5.9719
4.64159
0.881438
0.319005
0.136489
5.64633
3.01743
4.47921
0.371095
2.36499
1.58179
5.0276
6.04356
5.27479
2.07262
3.79365
4.91778
5.42986
1.95778
1.2647
1.2291
0.998017
1.05872
1.34353
2.48734
2.49506
4.36467
0.678164
4.43569
2.39312
4.28734
3.48988
4.06631
3.9056
0.266761
2.58585
5.10369
4.76937
1.53479
3.28436
0.419825
2.39593
2.79886
4.51259
1.24574
2.21794
1.32418
5.95254
1.96298
4.74011
3.67084
5.06123
4.02424
3.44364
0.0859002
5.2735
4.15783
4.76694
5.4748
1.06964
0.104594
1.67378
3.35369
0.567198
1.7735
4.86254
2.03049
3.88799
4.45351
2.95803
5.31309
2.7238
0.291822
3.29667
4.50913
1.07854
4.81882
4.9197
5.33891
1.32007
1.657
0.0586429
3.4808
2.48074
6.10983
3.61249
3.24657
4.8218
2.1714
2.6299
1.22809
0.756657
1.61638
1.35981
3.93819
5.72759
0.528141
6.19185
0.952648
0.320284
0.958009
3.76869
5.39236
1.79176
6.17826
5.32545
4.1305
4.69941
1.46547
2.30357
1.63288
5.03781
4.20587
1.10624
3.95708
0.960826
3.9464
3.05209
5.99956
1.33239
5.36247
1.07034
2.18448
0.237904
5.782
1.44194
6.10482
4.47567
1.40131
2.3581
1.0241
5.88815
1.96879
1.80098
3.97264
3.39156
1.09437
4.07025
0.444556
4.10962
1.31523
1.7668
1.17003
5.61406
5.97629
4.92901
2.28633
6.2338
0.274688
4.45858
3.67126
4.52041
4.76082
3.72085
2.38586
4.90555
5.02133
